100 100
67 73 30 43 25 63 35 80 100 7 81 81 77 33 23 100 42 31 16 96 34 59 29 100 0 23 60 45 22 48 35 46 28 28 17 92 7 47 57 71 98 8 55 71 7 95 38 5 98 62 49 54 34 39 11 33 75 82 19 24 72 2 57 36 92 82 53 61 78 15 30 63 23 78 95 20 18 91 76 85 88 22 26 37 42 70 21 73 2 96 31 19 73 13 55 77 73 55 31 53 
45 55 78 4 14 39 9 21 60 5 47 16 6 27 16 13 83 21 94 20 73 60 54 59 66 22 21 75 97 8 39 51 2 67 91 100 68 5 56 92 13 88 80 87 59 32 80 26 67 77 29 28 36 58 90 0 25 34 72 40 96 41 62 12 26 67 33 99 34 82 35 78 95 49 22 78 56 31 72 97 86 31 3 100 100 62 90 27 56 17 41 83 9 92 78 70 74 84 39 8 
26 57 95 52 51 66 47 78 15 56 46 22 13 99 58 90 28 34 48 51 99 6 84 15 88 37 63 36 87 60 11 85 11 15 26 13 63 80 42 74 66 79 50 78 8 2 7 6 43 23 3 8 24 100 75 51 85 95 86 97 90 54 25 34 17 24 68 86 44 95 18 56 40 11 25 13 10 83 36 7 26 70 43 62 38 57 9 4 64 18 13 16 88 37 23 17 28 43 2 21 
41 80 6 13 83 4 9 55 43 93 99 3 15 2 96 2 78 5 4 94 98 4 4 35 72 94 22 45 85 22 58 99 32 67 57 41 43 45 37 8 12 100 19 56 5 39 37 46 14 33 96 36 64 86 15 70 14 24 5 80 89 96 8 22 29 53 43 32 80 63 36 52 7 86 95 79 52 86 91 37 50 96 39 52 52 35 99 15 70 42 28 35 97 93 71 24 78 100 54 82 
57 25 30 44 99 45 89 36 66 38 20 43 21 10 11 63 54 65 100 40 77 75 17 77 24 26 11 63 55 30 3 88 51 38 38 16 42 90 37 45 16 83 39 62 97 59 10 92 75 25 60 92 56 65 69 22 45 1 38 21 71 35 22 48 41 47 76 81 74 41 47 73 31 91 3 16 79 87 54 63 23 6 17 93 10 66 47 40 91 12 6 11 68 67 65 65 19 36 52 22 
13 38 95 38 96 28 15 55 0 4 79 2 19 37 4 44 27 50 91 50 49 41 16 71 23 43 2 38 80 29 72 4 66 32 26 14 52 44 24 54 31 87 43 39 88 87 48 20 76 100 5 25 69 60 12 64 45 44 29 73 30 89 36 68 14 90 60 22 0 83 22 16 70 71 25 1 63 60 72 77 8 13 69 88 53 27 87 82 75 15 58 74 82 15 40 27 29 91 81 37 
1 71 47 72 50 60 25 20 88 4 95 41 59 2 28 13 64 96 74 40 87 66 22 47 56 52 76 76 61 28 49 84 70 30 83 75 37 19 60 28 9 5 30 19 46 94 1 29 23 1 56 86 88 70 78 0 81 77 28 83 44 11 91 40 80 69 58 7 29 80 70 59 87 88 87 95 70 27 77 12 7 74 59 87 19 64 98 45 93 9 81 95 95 62 4 35 63 83 48 79 
58 35 13 48 85 13 69 27 13 57 13 93 54 29 55 41 52 49 77 92 35 7 8 34 13 16 60 49 11 60 71 25 88 45 73 32 76 86 76 51 44 52 38 51 56 75 63 73 94 92 31 52 61 68 85 99 83 25 95 14 70 75 93 7 15 31 46 51 41 46 3 79 9 93 51 21 64 3 42 31 82 21 95 42 29 26 77 65 68 51 19 13 45 92 23 14 72 81 55 44 
70 74 42 100 41 78 22 87 88 0 3 93 87 32 24 78 8 58 48 85 17 75 12 83 0 65 18 61 17 44 40 54 59 91 76 79 55 15 91 85 96 38 98 62 13 80 96 76 73 78 56 88 61 87 24 8 57 37 79 89 50 36 62 23 10 55 88 59 48 32 66 0 11 81 25 69 99 89 4 55 5 38 55 78 13 95 75 29 93 39 49 65 97 35 2 97 38 63 52 58 
0 65 29 76 17 77 28 68 12 42 68 37 99 31 94 37 71 19 54 33 45 94 23 87 18 85 64 21 61 52 41 71 75 67 31 99 55 69 98 44 56 92 23 44 49 89 16 25 13 95 23 64 8 8 36 73 8 91 69 45 7 99 22 70 16 5 92 13 22 85 66 6 66 51 28 0 65 81 62 75 3 69 13 13 35 84 71 73 96 25 58 17 12 17 57 2 56 61 2 12 
76 44 13 91 9 98 59 29 61 17 66 100 86 6 26 26 35 6 54 60 37 23 95 90 19 63 2 95 2 27 25 41 29 53 66 59 89 74 13 60 58 47 58 87 87 83 33 100 76 55 59 36 27 83 63 13 79 26 12 46 52 14 93 98 55 9 94 2 36 87 11 20 87 57 63 1 19 90 76 79 84 94 3 28 90 69 65 45 51 42 34 36 82 45 5 28 82 99 11 35 
18 4 90 40 85 74 2 84 76 32 68 65 42 80 51 90 83 6 25 39 2 80 11 18 50 57 37 34 98 96 81 100 35 64 7 50 98 64 93 52 32 28 91 7 92 56 9 3 97 89 87 53 6 50 84 24 0 99 30 68 47 63 8 66 19 61 45 86 79 30 45 0 49 11 98 9 33 56 33 74 57 70 15 45 46 2 83 62 59 38 98 31 34 54 45 28 34 59 0 80 
91 19 65 0 67 29 11 25 21 1 22 37 18 70 94 78 12 26 40 14 33 53 22 79 19 11 88 10 80 85 95 69 0 11 56 100 11 42 27 60 73 5 20 52 70 72 28 11 1 47 80 43 14 37 59 17 20 65 79 59 85 28 67 92 87 30 14 20 89 27 7 70 60 68 17 6 34 24 44 10 20 32 21 85 78 98 32 4 15 35 6 50 12 45 78 87 33 36 33 65 
91 72 87 65 12 77 49 13 66 37 87 41 84 87 80 54 78 55 35 49 38 32 2 86 61 52 8 96 32 29 0 9 91 80 70 3 18 13 96 12 53 88 20 68 10 56 67 41 56 46 32 13 81 52 46 94 58 33 59 61 86 49 99 8 43 70 31 99 24 43 83 71 16 14 33 60 31 24 87 13 33 20 60 8 93 84 60 28 65 35 51 26 100 74 7 92 88 72 16 13 
34 23 81 82 7 22 31 89 84 12 43 12 16 40 22 100 82 2 13 73 78 69 26 38 91 19 0 67 46 32 40 63 10 100 8 65 14 79 41 24 11 84 30 61 93 85 95 1 13 74 20 34 23 8 47 43 84 44 46 15 23 10 90 12 71 7 25 66 54 15 9 39 68 38 41 54 32 44 24 82 12 52 39 46 62 94 96 91 9 42 8 99 5 81 19 81 93 71 39 58 
80 28 3 9 13 16 62 65 90 24 27 59 58 82 77 72 87 27 75 30 7 49 49 54 63 30 57 37 12 1 2 41 76 77 12 10 15 98 77 44 1 46 90 3 91 94 82 97 23 77 6 14 24 36 22 93 49 61 99 3 22 3 12 40 59 87 44 19 51 99 62 18 86 43 68 37 6 10 49 36 30 72 34 98 15 18 79 4 99 89 11 51 74 66 13 8 79 45 25 16 
4 78 91 89 46 63 90 33 60 42 20 31 0 9 21 32 44 47 63 57 31 43 32 5 74 70 93 24 19 4 5 82 67 30 32 36 67 67 53 17 64 89 81 48 57 48 53 78 81 11 17 92 48 70 70 41 91 85 84 95 97 81 54 99 38 93 49 16 15 32 24 65 89 39 63 83 57 10 31 91 3 42 79 28 32 25 0 86 46 69 66 51 59 55 60 51 25 38 1 62 
43 49 43 5 63 72 42 54 92 85 83 31 100 8 77 64 51 82 75 19 24 69 63 52 87 71 32 23 43 80 43 83 82 21 17 17 71 52 40 9 82 23 50 60 61 17 39 69 55 26 9 71 64 22 45 83 95 37 2 3 15 71 23 63 49 66 25 32 57 37 25 22 85 39 0 41 92 17 90 94 76 59 94 23 63 53 27 56 30 26 19 80 72 2 89 66 43 17 16 33 
23 71 9 93 89 14 17 39 0 93 44 63 29 94 88 9 77 77 69 9 73 76 54 43 53 6 77 31 46 21 10 55 28 89 51 48 13 91 7 18 4 69 16 80 13 59 20 15 18 97 76 8 35 85 98 85 3 50 25 72 22 37 97 82 90 12 53 42 15 77 98 48 30 10 15 21 9 98 91 78 59 6 100 45 62 19 60 98 78 44 65 83 20 40 35 53 83 55 63 53 
79 45 32 97 10 21 42 45 81 66 70 84 27 86 35 36 33 7 74 78 39 34 21 30 68 19 56 57 39 18 75 89 25 29 79 35 86 42 99 81 75 34 99 74 10 7 25 27 59 42 91 20 56 9 15 60 80 77 60 35 50 91 29 82 7 31 24 35 4 55 77 38 19 88 87 39 52 30 55 90 83 81 83 24 6 95 66 94 52 29 18 78 64 54 9 92 8 14 77 71 
24 81 67 2 28 24 15 23 55 3 58 21 82 44 43 89 77 54 83 30 63 6 72 30 87 75 45 4 48 6 63 17 8 79 54 33 97 58 37 21 79 65 10 47 66 16 83 15 59 93 75 44 73 56 32 87 82 11 11 32 78 0 30 52 30 47 17 71 1 14 73 78 42 41 36 16 77 48 36 6 55 53 45 87 27 33 82 96 73 10 28 16 79 51 48 54 69 23 33 28 
3 35 14 91 21 49 2 7 90 51 56 66 74 17 91 85 53 14 72 53 38 6 62 19 71 80 4 1 12 85 72 97 46 76 24 9 48 94 22 25 12 3 15 0 32 6 4 44 61 84 26 11 15 26 24 37 0 69 7 78 57 46 0 45 56 3 35 35 14 69 55 100 86 46 10 17 54 82 78 46 41 44 36 71 100 82 70 86 52 70 87 66 5 63 79 17 43 3 51 19 
70 59 4 88 84 85 53 25 73 42 92 47 72 10 65 85 44 76 0 12 39 92 93 49 69 28 64 34 98 71 43 67 21 34 20 74 13 89 80 35 27 25 27 82 10 11 48 58 59 1 65 88 10 13 94 15 67 76 9 93 96 18 57 33 34 58 96 68 11 91 44 58 66 8 58 61 98 90 87 46 14 39 53 12 45 75 81 52 26 78 60 68 94 71 5 24 29 81 72 6 
53 90 21 8 45 9 55 72 58 3 56 58 36 59 3 9 58 80 64 49 82 44 60 8 33 68 73 100 89 40 33 53 40 46 7 1 28 83 84 79 98 24 0 53 8 19 99 32 96 98 74 97 76 26 47 44 36 62 13 69 50 67 10 100 12 87 19 55 87 22 3 21 6 37 34 41 74 69 68 58 35 60 61 87 59 11 54 77 9 21 53 95 9 77 80 60 39 100 92 85 
100 64 71 16 58 42 43 85 31 45 84 93 91 66 98 15 89 30 10 87 42 27 86 89 20 79 62 79 23 40 81 13 53 79 36 59 5 52 83 99 39 74 65 67 5 74 75 77 31 48 38 31 5 76 78 17 96 67 23 25 2 26 65 60 44 80 48 17 88 94 77 49 13 71 75 38 57 10 5 68 61 72 59 44 53 76 64 96 2 26 77 97 45 38 40 49 74 16 46 40 
26 11 23 51 26 40 25 92 56 63 20 90 59 47 86 34 23 52 52 93 71 31 78 14 52 23 24 5 53 79 69 49 24 58 87 76 10 75 69 39 45 86 73 40 14 58 28 90 36 41 17 27 84 44 29 28 58 91 54 55 100 98 48 43 68 5 5 41 54 57 5 17 0 96 36 22 25 28 92 72 94 96 5 71 85 18 79 15 31 15 89 24 40 39 12 1 26 37 85 21 
4 60 82 92 31 73 2 40 96 20 77 21 82 82 36 46 75 93 20 77 71 36 6 44 9 10 84 75 52 50 2 38 65 43 88 51 79 64 87 98 38 36 80 54 70 79 95 26 13 100 91 42 10 53 6 44 47 59 81 93 80 58 6 68 100 57 60 14 17 78 21 1 75 16 91 63 8 81 39 39 14 58 75 67 15 34 5 58 4 69 18 63 28 85 14 35 27 39 79 25 
54 87 62 61 33 41 97 16 31 96 98 60 54 75 0 34 84 9 45 18 39 66 3 66 97 72 13 20 27 18 72 54 28 29 82 86 50 28 79 62 56 46 68 19 64 48 43 52 48 73 84 62 14 11 42 62 68 73 63 51 34 11 9 98 13 6 75 86 69 36 14 21 83 69 19 96 33 65 22 55 72 84 2 25 4 9 33 87 9 57 93 10 43 23 10 80 15 85 59 75 
41 62 76 93 93 12 91 23 9 100 1 6 52 63 0 47 91 0 73 52 71 5 100 29 4 50 36 50 73 92 67 67 28 42 30 53 52 43 92 84 99 17 92 95 19 100 99 67 61 66 49 48 82 15 54 94 28 76 96 87 56 22 55 79 96 51 41 53 9 38 0 14 64 72 49 33 35 42 37 27 10 24 50 39 58 98 96 39 82 73 41 93 69 34 0 27 20 2 67 23 
95 91 68 100 26 5 74 66 96 6 78 72 46 35 54 67 97 75 34 53 89 4 72 97 49 49 99 32 85 50 61 67 22 6 13 79 65 51 11 59 28 71 2 45 78 97 40 50 79 87 50 74 32 20 31 55 66 52 66 13 80 87 71 67 90 6 28 42 15 27 55 7 96 79 12 94 26 44 77 85 66 87 95 93 54 63 7 53 22 95 39 94 3 43 43 82 75 25 73 30 
74 45 39 34 91 37 30 66 19 54 33 42 4 40 88 52 52 60 37 98 53 89 77 98 65 90 14 46 40 12 79 37 91 3 48 85 40 15 98 10 92 42 71 70 24 29 21 45 82 30 98 26 26 13 56 49 76 35 22 72 31 29 46 6 77 91 7 35 2 51 78 79 87 62 47 93 35 47 57 17 57 82 15 1 43 11 74 76 59 30 96 46 77 54 48 33 0 84 91 86 
73 41 54 23 57 6 14 12 32 3 26 65 50 9 60 12 37 89 49 5 46 60 60 34 86 76 25 68 87 48 16 64 73 50 28 100 60 7 20 7 93 21 31 38 92 1 47 75 75 13 20 70 73 53 35 78 53 1 92 7 19 39 47 24 63 4 26 63 63 36 10 31 76 37 44 35 68 31 39 31 56 22 46 100 86 74 39 94 54 49 29 3 40 0 92 47 33 96 91 70 
40 3 21 16 25 3 9 8 23 62 40 51 11 13 5 27 38 28 82 77 48 52 90 58 48 67 3 40 7 79 86 81 74 59 88 69 66 84 38 61 63 48 3 28 8 48 99 89 92 59 70 98 77 58 99 24 0 60 83 36 41 74 98 54 55 89 39 73 5 57 14 47 47 29 25 87 43 53 44 19 15 49 5 3 66 26 47 9 11 92 74 97 24 64 28 54 81 23 100 91 
36 18 93 73 94 38 48 74 46 18 84 57 86 21 87 19 22 34 1 70 53 61 66 7 79 98 5 44 58 26 90 58 31 74 97 98 79 95 60 65 81 100 76 42 88 36 5 45 36 71 95 13 57 59 95 83 60 85 75 89 99 5 24 89 48 44 20 28 38 6 92 62 44 15 2 15 14 94 50 58 82 38 30 0 10 63 41 62 54 2 0 54 25 4 15 75 26 67 28 28 
64 73 24 94 65 48 65 19 65 33 3 11 13 55 86 43 61 42 30 12 83 90 70 9 68 6 67 82 87 90 57 7 4 82 79 14 5 43 84 98 47 32 44 36 71 53 3 4 10 52 33 27 99 50 89 25 61 36 81 54 37 76 9 32 69 7 25 5 59 14 0 96 79 9 46 38 76 77 0 100 21 39 67 25 88 52 84 72 52 53 53 10 64 4 63 17 22 17 77 75 
54 34 77 62 83 19 78 2 32 87 63 95 13 37 94 53 69 27 3 22 93 59 77 49 38 67 63 30 89 64 95 58 51 42 97 44 91 59 5 88 28 56 45 7 64 72 18 85 96 72 14 52 43 94 38 43 13 69 25 89 48 92 82 15 43 41 61 94 41 63 88 30 33 73 75 7 8 54 96 17 50 46 3 37 72 37 20 41 26 29 37 64 40 33 89 34 55 100 93 62 
83 3 79 43 100 38 49 16 38 88 22 79 50 74 80 54 55 6 0 71 97 83 56 77 62 9 11 29 46 47 36 1 70 94 31 17 64 69 34 6 5 63 42 21 46 43 71 84 77 58 51 34 25 77 7 2 67 31 90 42 8 79 53 69 65 85 90 18 45 96 67 1 18 60 42 23 21 5 26 6 28 90 42 10 99 74 90 65 69 100 10 38 67 55 29 20 38 68 95 88 
43 61 56 78 42 48 56 91 92 79 15 4 9 36 36 57 83 50 71 40 38 0 4 13 77 99 68 13 70 74 83 47 42 23 79 62 3 86 64 56 5 43 25 61 28 71 93 5 29 96 89 57 1 14 47 87 29 97 94 8 45 70 87 91 10 55 85 34 82 20 89 78 43 41 68 63 100 7 66 65 72 13 51 95 46 6 63 5 47 0 51 67 58 64 32 91 97 43 91 24 
18 89 1 41 20 84 73 97 45 100 5 21 25 23 38 85 14 34 16 45 86 27 5 51 10 4 43 97 33 87 87 13 10 14 16 59 83 41 89 51 98 37 57 37 90 57 99 10 8 41 22 3 33 54 42 26 12 76 35 35 36 100 31 37 12 14 93 68 11 52 88 15 94 52 59 51 47 61 51 5 89 62 37 8 11 26 66 58 81 3 22 7 3 12 54 78 39 91 37 35 
18 16 60 84 82 13 49 79 61 96 86 56 71 20 65 12 75 51 4 12 41 53 12 92 16 66 56 75 61 36 0 51 49 98 16 47 14 29 56 12 79 35 62 100 29 27 53 97 8 0 3 61 28 26 9 44 38 16 5 15 6 33 78 33 83 26 89 1 55 48 8 19 31 69 10 24 99 86 97 67 34 9 28 74 80 65 12 96 15 36 44 39 63 52 12 27 28 95 29 43 
72 56 26 46 32 98 33 73 69 84 33 56 2 80 68 22 48 52 14 55 78 8 83 37 74 53 89 4 31 60 9 70 44 80 26 13 76 40 99 35 88 2 48 24 100 73 28 81 87 6 6 7 38 32 1 53 42 85 40 62 68 42 22 82 57 84 21 19 41 27 50 57 61 9 72 56 44 18 37 24 62 89 72 14 91 20 53 82 28 85 45 25 48 27 81 80 3 72 18 39 
91 1 98 31 54 63 78 66 86 8 43 30 45 98 93 14 13 100 59 68 49 81 24 44 13 64 16 66 84 88 20 25 68 24 24 7 88 8 88 92 9 99 13 77 16 69 42 20 68 11 10 10 81 90 46 98 40 65 85 46 8 12 25 3 100 67 82 82 42 84 66 0 31 8 37 44 65 81 92 25 96 9 70 59 58 14 24 88 35 8 57 25 94 69 27 80 97 16 93 5 
55 10 25 85 0 24 23 14 84 49 8 97 25 65 70 12 71 50 18 47 39 36 29 10 64 15 14 35 51 75 49 81 20 4 20 62 99 93 0 70 79 27 52 78 64 59 14 24 68 82 30 32 26 52 14 10 51 52 71 26 39 57 15 59 93 69 53 78 42 26 17 97 59 10 81 91 5 89 76 98 58 79 11 26 3 25 47 37 97 18 75 88 17 92 23 45 82 94 71 5 
78 1 46 79 46 31 46 32 23 67 99 90 4 5 55 40 8 92 84 1 47 90 2 30 29 22 79 97 57 61 66 43 86 60 75 6 65 61 95 76 75 18 96 5 30 9 0 10 14 46 99 17 58 84 23 41 98 6 54 20 44 41 75 15 81 5 14 68 51 11 69 74 1 81 52 4 16 33 35 1 25 52 87 100 95 56 2 86 28 15 95 76 28 93 82 75 8 5 96 54 
46 32 8 51 25 9 21 98 100 3 87 2 79 34 64 66 28 0 1 1 12 34 14 74 51 64 14 100 47 95 70 58 1 12 45 13 53 72 28 45 78 38 33 29 47 83 68 34 36 52 75 7 21 63 100 78 13 92 45 94 9 69 7 74 76 81 8 40 73 48 70 61 3 44 96 27 31 51 54 24 7 83 74 97 11 14 3 0 72 3 95 90 40 90 1 97 33 4 21 88 
58 35 9 10 89 17 38 64 68 57 99 58 36 3 45 39 19 16 54 8 42 12 25 45 16 81 62 24 49 90 3 91 61 41 84 9 3 42 76 37 27 84 100 58 24 67 32 83 68 11 45 18 98 25 48 45 49 31 23 56 3 81 69 57 19 92 99 25 74 93 63 69 9 76 74 49 84 61 70 48 58 54 44 99 70 33 17 99 80 95 36 91 88 64 27 76 54 23 31 79 
86 33 3 8 49 43 60 57 31 16 92 37 78 15 87 71 48 20 31 46 87 89 75 32 97 62 85 7 68 88 27 40 83 13 44 32 14 61 15 9 95 0 25 26 97 79 82 5 79 58 38 50 76 93 32 82 37 37 41 94 45 52 4 32 64 76 79 43 4 67 18 36 6 21 94 67 67 41 3 26 67 6 26 2 92 54 21 47 22 92 93 50 56 95 50 29 89 51 46 69 
54 63 67 69 9 23 15 90 21 16 2 8 74 15 32 19 5 80 76 32 71 66 29 69 51 10 21 57 74 57 28 67 26 15 82 38 53 93 4 100 81 28 94 80 21 24 38 46 27 45 51 47 13 40 38 19 64 8 47 93 94 2 55 17 22 55 1 79 94 53 70 81 43 19 68 15 86 60 70 52 96 87 20 0 85 32 0 48 12 8 24 65 79 86 0 31 72 77 85 26 
97 69 15 92 94 42 82 48 4 40 100 35 83 5 79 5 29 0 95 78 97 49 22 55 19 93 84 42 39 37 12 18 36 42 40 67 97 66 64 57 71 70 45 18 96 68 41 72 99 42 91 6 98 80 80 95 64 98 71 12 22 61 85 93 92 14 40 20 2 72 14 76 35 44 67 52 72 2 44 17 53 93 58 9 82 64 6 68 17 66 72 31 50 34 21 90 53 67 6 41 
42 57 2 89 8 48 75 12 83 3 41 55 60 28 59 41 97 81 81 8 42 52 41 13 86 6 65 52 15 17 22 93 31 32 67 32 57 55 21 3 32 29 10 4 95 62 52 27 74 23 54 3 61 98 80 100 24 94 74 21 84 25 71 18 66 21 19 93 5 25 5 56 58 0 47 85 40 47 90 75 27 97 45 93 51 34 35 59 95 73 32 44 70 90 26 37 27 63 38 10 
37 11 70 24 28 2 68 15 88 77 22 66 53 22 46 64 50 83 98 86 57 90 41 67 94 45 62 43 78 10 76 75 93 54 4 93 47 88 10 19 35 82 93 58 30 35 15 60 52 54 3 1 5 49 22 36 83 70 43 7 64 29 52 28 70 82 44 71 48 68 31 20 91 32 41 87 22 84 86 73 9 46 36 54 68 22 17 3 73 77 33 80 13 0 58 65 25 13 68 94 
1 21 7 43 68 38 3 62 74 30 59 48 32 47 22 17 1 44 91 18 7 21 90 85 38 20 56 30 74 56 100 25 5 90 39 16 88 48 7 74 12 53 5 81 89 34 34 93 1 15 24 34 37 97 64 23 33 96 77 21 86 7 12 55 97 81 42 67 82 48 80 87 48 41 68 19 4 74 91 7 91 97 22 5 20 33 5 73 75 51 24 86 91 52 19 97 39 64 56 25 
88 67 42 41 76 0 58 63 62 20 55 15 27 17 7 87 25 3 57 89 23 22 70 23 77 64 83 95 34 73 39 23 51 70 8 54 71 49 60 62 3 18 35 99 3 68 24 38 26 17 58 1 20 61 56 87 90 9 8 17 12 6 71 95 25 60 92 21 93 22 25 18 28 0 86 63 41 3 37 15 4 23 41 19 93 32 97 79 31 38 49 60 40 27 51 73 71 84 98 13 
83 65 78 87 94 91 5 42 99 44 30 82 50 11 36 25 48 15 75 53 64 95 100 45 14 61 99 96 58 21 29 78 67 39 10 72 13 100 39 98 63 73 8 98 63 8 68 82 78 2 44 17 5 8 4 20 65 100 55 99 62 97 83 37 51 20 88 32 61 27 76 15 57 36 98 27 47 81 57 24 56 3 29 28 32 0 49 62 57 96 80 24 70 71 52 95 27 99 44 75 
66 63 52 8 36 48 43 36 16 34 18 68 39 37 23 96 79 79 68 71 86 69 53 11 73 42 23 25 68 76 85 60 17 86 48 18 88 83 10 91 93 12 62 2 67 40 93 80 36 42 38 76 81 2 76 3 71 51 81 83 29 70 82 0 61 64 90 10 32 80 86 59 5 100 95 95 62 62 72 95 57 77 84 31 3 43 71 44 73 76 3 99 50 12 84 59 0 54 47 79 
22 43 76 11 92 19 16 89 28 65 65 3 46 60 73 19 48 0 79 79 94 33 65 80 51 50 3 49 98 0 38 42 44 41 7 19 95 32 25 4 56 29 49 21 71 58 21 48 43 50 62 56 59 80 34 8 38 41 28 39 71 39 23 47 17 5 28 56 69 39 11 39 14 44 69 16 54 22 86 51 48 31 1 23 99 11 76 44 98 59 13 47 100 95 10 67 94 32 3 96 
75 81 63 65 58 16 41 6 78 100 74 91 57 46 1 32 52 62 49 25 100 94 86 40 17 79 51 0 57 82 24 14 80 36 63 32 22 65 53 62 79 20 33 54 95 63 84 33 68 4 9 64 97 44 42 42 18 95 44 75 24 77 96 90 60 23 88 67 27 25 61 5 56 6 61 54 20 12 93 82 0 53 7 49 25 28 49 23 51 32 31 41 47 6 47 1 0 99 11 73 
75 44 93 9 64 69 97 34 25 89 91 31 11 57 89 48 3 76 44 10 26 72 2 79 6 23 28 31 92 59 1 29 50 84 44 0 13 6 26 59 34 53 62 38 73 9 95 3 33 30 35 77 9 84 90 94 19 43 6 59 33 39 22 92 20 21 85 53 77 9 82 25 4 27 10 62 63 39 62 34 98 50 100 51 24 25 73 18 35 47 72 72 34 13 33 92 37 45 51 97 
80 55 39 51 25 99 60 62 68 15 21 36 65 7 87 12 54 44 77 10 33 78 34 53 7 96 89 41 32 60 53 10 10 9 21 85 20 20 57 100 82 45 100 82 83 88 14 90 37 77 69 57 29 46 22 90 77 38 37 23 22 84 69 26 11 29 95 100 45 5 66 37 6 76 20 20 86 92 71 67 72 48 66 68 70 22 88 72 74 32 24 2 7 50 47 26 84 59 71 96 
87 35 72 39 51 94 100 77 89 35 16 77 13 74 28 84 34 45 0 89 37 8 91 16 68 4 8 45 88 33 9 100 68 53 80 72 33 23 52 54 89 44 81 3 75 56 60 68 36 13 52 32 11 36 71 80 69 7 41 68 40 76 12 65 42 67 17 2 80 30 84 30 69 62 63 86 27 89 12 13 19 93 52 97 53 24 97 86 58 33 5 33 16 98 29 72 97 47 29 1 
22 15 0 62 91 46 33 10 100 53 82 36 65 11 34 76 22 21 95 2 66 71 33 30 48 100 53 26 50 31 84 38 1 23 0 79 1 66 33 17 80 19 10 84 81 63 48 66 91 12 85 76 4 23 22 99 27 74 23 62 56 18 66 85 68 33 77 91 32 7 72 99 9 48 84 25 13 4 67 66 34 25 86 26 70 5 46 31 0 98 24 37 100 72 85 16 77 67 20 82 
94 68 31 96 94 89 34 59 37 56 83 75 39 23 8 52 41 50 45 71 76 41 85 39 98 21 67 6 93 84 14 14 81 61 62 5 91 78 40 10 64 3 8 95 100 11 61 29 80 1 30 14 15 62 81 81 2 57 61 34 88 82 41 26 72 13 88 72 20 43 23 29 34 96 78 27 15 32 45 7 29 18 84 7 42 4 33 100 98 36 34 76 42 100 74 32 27 65 99 95 
56 1 51 94 24 45 43 77 96 68 60 16 17 73 58 49 36 6 6 64 100 80 76 12 43 12 85 23 92 73 58 20 32 57 38 7 41 30 78 49 58 40 99 59 54 53 76 89 34 93 12 64 58 70 94 26 88 36 39 67 90 3 98 52 41 4 42 1 25 92 78 53 26 8 50 17 32 60 29 28 31 75 6 18 54 56 18 0 79 27 100 7 31 42 21 41 30 26 68 33 
52 34 55 96 32 73 99 49 26 7 82 20 81 58 92 75 2 51 98 18 26 78 20 66 8 86 1 92 8 96 64 86 26 29 45 90 17 71 22 88 96 26 67 71 94 33 13 4 53 31 3 68 51 21 56 40 97 44 83 59 39 74 25 69 88 7 3 44 29 81 96 44 82 59 89 34 38 81 65 5 85 36 24 35 80 29 52 3 52 43 79 49 45 11 92 21 8 69 4 76 
23 18 91 5 7 63 20 20 42 71 83 3 11 72 70 11 46 13 52 7 15 23 73 22 7 48 48 5 94 74 45 98 64 39 71 36 80 9 6 87 88 64 50 49 79 5 73 88 94 23 94 78 9 36 20 89 64 11 25 11 80 48 39 27 21 38 98 76 89 85 63 45 19 6 97 22 67 71 84 54 72 48 10 20 42 50 47 8 10 20 99 56 38 81 24 84 75 50 27 42 
6 87 73 59 35 36 94 27 87 64 73 7 39 16 30 12 100 47 46 97 0 82 90 82 72 27 56 86 13 45 9 29 89 30 93 40 94 80 61 95 84 46 32 42 61 96 78 13 56 22 84 16 47 90 65 60 16 4 11 56 29 37 92 5 73 42 48 56 10 52 63 84 35 42 75 56 13 92 71 56 64 85 96 86 18 30 36 85 42 95 89 16 27 77 16 19 80 65 34 23 
58 57 7 79 50 41 31 48 75 50 25 49 61 60 89 71 42 78 60 80 49 43 4 92 16 53 19 93 12 54 18 10 70 90 52 91 74 96 55 17 37 55 51 81 68 84 38 93 2 94 39 96 73 61 96 9 15 96 33 25 59 79 36 37 32 31 94 56 80 22 19 67 96 30 52 12 88 8 92 22 44 31 21 6 81 21 21 96 51 73 87 95 89 23 96 77 94 53 80 41 
79 4 16 100 57 39 29 86 4 0 66 81 67 31 100 15 72 63 59 80 57 92 2 53 51 86 73 52 58 17 0 35 12 85 61 21 33 82 79 14 88 39 49 44 29 24 12 52 80 89 8 94 74 97 100 29 84 78 15 38 88 72 92 57 53 74 86 38 44 100 92 94 90 19 97 37 48 28 42 73 71 63 88 69 53 76 91 31 3 26 41 61 4 56 34 49 9 44 45 59 
20 73 54 92 43 49 39 38 97 53 19 58 43 17 37 39 50 51 85 39 10 71 39 100 84 99 55 83 20 34 14 92 96 20 47 54 65 50 73 75 7 96 18 16 28 46 15 41 31 87 87 14 89 65 67 83 64 15 26 54 60 45 87 50 16 99 48 2 56 58 67 28 71 42 57 86 90 7 2 11 69 86 96 92 3 78 53 92 37 12 65 89 34 42 79 45 33 6 30 39 
99 24 61 29 32 67 1 25 25 25 99 89 45 89 7 83 4 92 98 60 55 86 34 34 79 54 25 93 5 79 60 36 57 12 63 64 100 36 62 25 64 85 25 13 47 77 11 78 23 2 69 72 27 18 40 70 68 76 83 7 1 91 0 47 80 1 54 65 35 3 94 100 69 36 22 26 71 70 94 40 75 21 7 63 21 84 38 97 4 65 25 7 97 56 10 1 100 84 83 20 
60 10 98 91 36 96 51 72 22 25 35 14 56 72 22 20 62 43 25 47 24 42 51 12 73 29 43 2 27 66 70 69 52 90 19 66 94 41 93 94 13 42 11 17 47 93 95 85 31 50 46 75 99 95 76 42 22 2 47 34 62 67 5 99 49 61 51 20 1 16 50 40 63 57 96 45 10 37 74 44 71 42 89 64 29 72 36 19 44 5 67 53 83 24 51 52 46 35 29 76 
54 26 44 58 99 45 52 68 94 71 83 43 78 51 88 25 52 87 90 68 44 10 42 96 51 84 36 22 94 11 36 79 79 44 17 97 56 21 45 35 23 76 11 74 9 94 24 94 34 19 15 13 36 25 7 72 11 10 64 53 3 77 99 5 34 4 34 8 79 41 31 72 12 46 22 82 80 79 21 31 77 9 9 83 43 0 93 72 93 81 5 41 42 7 90 56 13 5 76 45 
18 96 63 78 55 92 45 65 60 1 51 28 14 65 90 3 96 21 24 58 5 84 2 34 36 72 27 57 41 10 46 61 33 18 90 33 27 33 85 71 79 49 28 0 12 55 97 6 30 16 21 73 44 27 68 31 69 24 74 64 75 47 69 12 91 80 53 91 91 9 12 100 26 95 13 90 71 14 87 23 94 50 1 34 83 28 84 83 82 7 40 56 6 6 88 56 64 90 93 82 
86 72 70 3 45 3 13 66 21 41 41 88 38 27 76 35 83 20 2 92 74 57 79 42 59 45 68 51 36 99 43 14 40 84 72 84 40 26 81 23 30 98 59 33 26 93 50 48 84 51 49 11 1 94 89 55 88 80 94 59 98 95 32 73 61 26 1 98 71 7 10 85 94 11 59 97 26 29 26 20 12 81 16 48 81 29 14 55 84 97 69 41 46 4 86 17 40 91 12 49 
57 77 46 99 43 71 82 16 15 57 2 75 76 86 67 58 84 65 47 29 69 42 19 61 88 95 24 85 51 87 28 97 74 54 75 40 42 33 88 31 79 39 72 12 64 55 37 49 40 89 21 92 97 27 92 85 36 72 61 91 50 33 44 50 58 48 30 10 86 14 58 82 8 76 20 11 50 92 30 83 39 81 16 82 55 29 50 78 12 80 8 23 78 67 24 71 99 57 89 39 
4 99 93 12 3 4 33 24 91 12 21 71 25 8 60 66 65 87 82 8 45 2 72 52 57 37 3 70 48 70 75 81 60 33 13 66 75 4 88 82 24 51 56 76 4 27 22 37 80 2 94 48 73 62 52 18 91 8 88 11 13 60 58 15 46 27 62 88 36 93 58 90 72 52 49 12 37 85 19 16 85 47 11 68 39 20 46 43 69 56 52 12 59 96 51 53 91 57 1 25 
11 25 14 33 38 74 87 47 43 14 14 48 100 50 82 40 98 80 45 22 62 74 42 40 9 29 13 26 54 61 12 28 33 98 19 71 11 92 24 99 100 40 12 6 76 8 74 39 8 78 37 31 23 67 75 11 46 4 51 98 29 42 98 46 40 45 34 40 61 93 90 36 42 76 68 92 98 83 75 42 40 96 3 17 89 55 36 98 7 54 13 55 43 68 81 31 80 40 13 54 
39 79 78 81 62 23 77 27 82 96 92 25 68 50 24 8 79 72 84 21 91 100 96 11 52 69 4 37 7 97 7 0 83 67 57 4 11 74 83 67 81 36 54 70 76 99 70 6 96 66 45 55 50 52 39 7 50 40 32 18 86 65 63 48 8 85 64 32 100 6 75 91 75 57 9 56 57 37 9 92 23 98 16 23 98 11 28 12 61 42 48 32 85 36 19 38 19 79 6 39 
91 92 86 2 81 74 27 65 9 1 7 19 29 45 66 3 4 65 96 18 41 97 57 36 84 40 14 91 100 5 63 53 10 87 94 36 48 67 98 83 41 66 23 23 65 98 31 24 98 92 17 47 81 93 82 91 68 46 79 0 15 37 82 53 40 40 25 50 56 81 29 93 68 43 9 11 63 59 22 64 64 59 16 45 2 80 68 57 32 61 40 42 15 61 81 69 20 88 48 28 
21 24 53 84 11 86 16 70 40 48 17 55 47 21 58 86 62 76 82 98 79 32 20 62 34 77 48 83 47 54 78 84 89 70 17 43 3 86 91 62 96 97 64 80 49 24 56 69 48 58 6 77 16 47 38 88 87 98 45 29 78 55 75 56 40 53 95 62 82 74 70 25 9 51 84 72 27 2 68 22 83 71 49 62 63 28 4 20 70 54 0 93 24 94 43 7 86 76 75 32 
94 18 92 75 48 73 65 17 0 78 98 100 18 23 35 18 44 42 29 39 67 88 13 8 58 63 36 32 74 2 69 46 94 29 86 3 59 35 68 55 43 64 93 79 42 86 10 17 94 90 15 99 39 54 54 68 8 44 48 47 80 63 8 100 42 54 79 81 71 27 22 73 88 62 47 68 75 94 43 28 50 15 62 31 34 25 64 8 61 8 20 97 17 48 46 90 10 79 93 50 
98 51 30 12 24 61 100 100 68 48 19 23 65 100 63 45 82 85 53 21 61 15 40 53 28 15 54 12 76 30 44 33 34 24 62 64 3 41 36 33 6 12 47 77 93 62 7 26 95 32 2 51 9 14 40 13 90 87 23 69 23 73 44 29 61 78 58 74 29 71 85 55 9 14 52 64 100 64 81 34 66 80 64 92 69 43 97 2 12 46 67 60 47 10 1 12 38 55 30 34 
66 7 20 77 28 47 84 63 56 1 64 8 76 55 59 89 55 28 33 71 38 43 18 88 48 87 18 34 11 15 61 96 36 98 65 39 45 66 9 50 43 14 30 64 84 98 80 40 45 86 17 97 41 92 32 58 34 83 94 23 5 32 2 53 19 78 84 7 77 91 18 6 49 79 52 90 32 64 88 96 71 21 63 84 29 68 80 75 23 21 19 83 32 93 78 59 53 72 86 74 
73 6 19 14 69 9 95 56 50 21 17 55 25 30 28 63 45 13 56 46 39 61 85 95 83 98 78 13 31 93 30 58 16 61 41 56 5 62 20 6 44 55 70 71 57 94 16 91 61 33 76 82 15 2 75 16 34 62 67 70 8 45 16 4 21 68 33 16 71 29 85 61 8 60 19 48 74 85 78 51 83 98 74 92 91 83 68 82 44 14 79 33 95 19 93 85 36 1 66 82 
84 45 40 17 15 49 9 40 38 66 7 55 51 40 3 89 13 81 38 1 54 99 16 60 60 97 50 100 41 3 28 40 72 82 34 51 24 47 54 56 75 86 43 39 36 57 42 85 40 12 57 63 88 73 54 58 29 48 26 72 50 80 31 81 68 50 9 10 75 94 37 54 64 86 72 67 45 10 84 97 34 32 89 31 52 7 36 86 87 31 5 55 7 97 5 96 17 99 3 24 
90 41 13 43 42 93 24 28 13 27 44 40 66 36 94 45 35 88 78 55 76 96 15 27 95 88 2 76 68 18 49 96 76 58 7 86 7 26 75 39 12 96 60 34 16 57 28 21 11 14 64 27 96 77 28 92 22 50 93 17 80 37 76 4 22 24 14 95 12 92 45 44 45 70 89 99 71 68 44 55 36 100 49 18 4 3 64 82 35 44 69 13 16 22 7 8 100 38 0 36 
69 85 2 11 48 68 5 55 25 81 87 15 46 72 60 92 17 89 86 55 11 95 41 63 54 79 63 40 63 7 0 25 47 91 58 39 90 72 8 25 82 47 99 50 62 72 92 66 8 37 3 95 60 92 44 65 73 54 57 10 48 56 20 30 74 84 68 48 73 28 14 36 51 55 17 81 89 57 10 9 8 43 73 13 25 87 28 18 63 31 99 4 78 22 38 70 34 26 36 89 
30 45 61 11 52 35 74 7 11 96 54 42 5 89 93 48 83 98 68 27 21 34 94 87 52 57 99 17 71 72 9 37 29 99 7 81 9 55 98 7 0 72 27 37 47 46 8 64 40 6 56 93 53 25 42 96 59 27 20 94 85 59 82 96 72 26 30 73 58 21 10 33 7 84 8 16 38 75 11 50 41 56 5 21 70 6 40 49 66 12 90 73 35 19 90 93 90 30 30 18 
40 81 32 14 67 44 46 56 41 25 37 25 58 58 50 19 95 18 78 38 24 7 65 81 37 73 18 85 49 76 24 49 4 18 75 57 98 78 56 81 77 36 66 33 100 85 44 96 54 41 43 32 68 18 73 97 65 26 97 54 48 96 53 0 8 58 48 43 100 25 28 71 21 35 26 44 4 73 63 59 85 93 16 78 13 70 13 47 51 78 98 9 18 82 76 6 17 65 57 32 
55 41 20 55 12 39 90 56 46 25 0 20 30 32 76 98 62 96 54 13 86 13 42 86 23 95 73 5 4 39 0 60 32 94 60 14 43 54 72 91 30 6 72 94 44 55 93 91 95 48 34 27 15 9 95 44 61 55 43 35 50 23 73 39 78 65 48 83 65 75 37 100 95 47 12 94 85 99 35 31 78 91 63 73 47 29 65 75 61 51 8 36 43 98 66 58 26 51 53 43 
87 86 93 59 11 39 79 34 19 37 65 73 59 1 19 85 42 27 8 93 87 32 9 51 80 82 64 83 90 63 14 32 76 60 91 72 84 42 45 36 24 86 42 44 70 73 54 50 22 46 27 38 31 14 7 21 64 35 49 55 67 25 42 36 58 59 31 69 50 76 9 15 83 97 19 49 24 12 87 7 68 17 66 79 25 76 83 94 8 55 97 93 37 76 17 97 15 35 57 6 
78 27 88 95 85 62 45 71 17 40 7 46 13 62 16 11 28 59 38 13 33 78 78 91 64 67 91 1 89 28 58 68 71 47 17 96 29 14 65 68 30 91 79 7 54 89 16 56 35 71 96 29 66 80 60 22 94 67 82 96 76 68 68 61 64 48 54 42 24 23 16 74 24 12 29 84 42 99 47 61 73 83 98 91 41 76 5 34 54 55 84 70 33 72 67 24 25 8 78 59 
82 98 36 1 45 69 62 21 88 78 36 0 100 30 7 49 3 19 72 52 57 26 56 72 75 48 79 18 56 70 85 74 26 88 53 38 19 36 48 14 60 3 55 76 8 11 6 56 2 4 11 77 98 91 31 97 73 94 76 33 90 39 93 15 86 79 93 49 60 5 29 12 83 43 24 13 24 90 100 67 99 63 72 87 51 70 13 95 57 94 73 86 94 87 42 12 100 100 76 75 
58 83 19 12 40 50 4 68 5 93 10 37 57 66 98 36 79 1 72 64 14 22 30 16 66 47 91 99 12 14 19 33 92 85 100 68 74 70 6 20 42 11 82 24 53 22 27 56 22 36 52 58 90 44 55 96 39 16 17 5 79 29 33 18 18 47 23 79 83 35 83 78 59 1 79 88 70 84 94 54 8 40 66 78 87 12 99 18 78 60 21 68 59 87 25 2 81 14 13 100 
24 69 33 74 11 83 87 88 97 37 27 13 45 91 97 80 67 68 58 6 82 2 23 23 22 71 98 32 4 50 64 36 12 82 2 69 89 37 8 86 32 9 53 97 23 83 99 69 47 41 75 8 79 34 63 8 46 2 46 31 97 28 39 46 20 75 80 50 13 13 72 45 81 69 90 40 17 23 97 3 5 54 37 100 34 10 1 63 14 43 65 0 47 39 73 36 78 37 1 31 
39 23 20 33 58 20 53 57 83 33 83 93 76 14 78 83 44 51 17 28 20 94 41 16 28 86 69 69 75 48 47 51 55 42 20 14 84 7 53 39 61 48 23 99 50 20 76 85 37 36 13 47 64 92 59 34 99 85 3 54 55 75 42 77 81 8 59 59 88 14 98 53 73 17 54 32 79 59 53 61 75 14 11 63 53 17 96 83 95 68 21 55 23 73 59 2 70 28 41 36 
6 65 86 41 23 4 78 58 69 7 79 94 52 96 51 21 4 86 25 69 38 82 37 88 42 91 13 46 7 69 95 16 86 19 15 25 2 88 73 93 87 30 67 89 96 55 96 70 41 55 18 78 35 86 37 18 30 61 67 56 14 61 67 74 79 79 78 0 80 58 83 1 55 83 78 84 68 32 27 58 95 19 37 67 72 52 78 64 64 8 26 3 40 1 24 83 44 85 60 41 
8 22 25 4 55 6 15 37 60 29 48 35 5 13 43 74 18 71 85 95 81 45 45 88 71 50 55 19 52 14 44 97 26 99 88 72 25 35 30 37 99 13 82 54 19 11 92 12 27 42 56 32 71 75 20 36 23 30 68 62 77 87 8 93 52 22 24 25 64 91 17 100 43 16 71 68 93 25 32 71 35 83 57 48 87 88 96 0 47 32 90 89 3 59 27 34 87 40 65 37 
25 84 17 63 84 32 80 31 87 7 10 16 59 22 26 67 36 63 58 59 26 6 71 81 24 26 67 99 16 15 5 34 20 13 16 97 45 22 91 0 73 47 68 92 1 5 71 64 87 72 42 18 76 70 79 21 37 24 92 42 8 23 14 93 21 69 46 94 85 7 8 36 30 76 41 16 47 89 69 68 61 71 26 11 44 2 3 94 51 28 61 99 13 54 29 40 55 27 82 75 
93 77 58 95 45 61 61 85 61 46 69 56 41 8 35 96 12 49 55 84 80 51 29 76 65 12 59 56 7 56 47 87 92 81 85 40 10 11 55 71 95 63 89 61 68 20 38 57 97 18 63 78 47 44 45 61 79 15 83 72 23 10 8 3 37 36 52 34 28 74 45 23 79 39 18 62 38 32 51 6 42 83 77 65 84 100 55 15 54 97 48 71 2 36 78 24 18 21 46 40 
