281 214
328 64
828 1
789 724
834 78
986 770
499 184
30 348
199 465
850 675
423 521
498 161
494 592
902 977
560 16
386 844
577 382
603 670
457 274
67 488
479 324
527 871
76 338
439 732
82 656
341 157
789 295
602 157
512 409
725 856
626 228
861 73
242 253
146 727
9 479
367 109
376 35
666 521
418 170
766 960
11 50
217 624
312 517
578 861
177 232
758 960
693 842
267 533
629 620
508 836
283 848
806 611
740 740
906 106
516 57
413 551
185 335
588 666
835 204
300 483
402 333
680 51
408 707
908 777
784 994
666 582
928 254
547 314
411 455
105 225
674 318
50 320
500 688
223 861
507 315
910 294
489 239
293 336
963 847
56 187
149 752
412 531
830 673
949 443
926 219
773 925
437 378
854 221
245 309
10 695
26 683
289 630
209 271
51 238
327 157
254 516
396 685
426 165
959 24
411 748
284 864
775 8
732 373
969 733
403 189
653 946
863 12
52 427
487 772
995 399
547 174
15 509
355 218
739 947
363 636
766 583
109 247
95 953
495 542
274 472
654 345
279 764
107 181
553 989
717 575
284 370
983 842
355 116
484 958
41 324
864 404
654 898
489 712
68 456
974 998
923 118
71 280
834 591
853 478
646 148
914 71
200 759
540 744
794 283
774 75
602 890
832 241
379 711
209 162
152 661
730 564
34 951
188 595
684 778
741 600
692 872
559 909
141 782
665 408
820 320
538 294
47 292
483 90
820 172
908 526
457 696
866 937
232 315
472 73
14 661
27 579
251 425
59 529
860 175
118 699
424 373
855 297
656 554
807 144
59 195
995 219
912 137
799 684
877 155
776 363
895 24
976 158
923 207
750 626
765 891
972 425
567 953
197 324
829 452
574 163
142 595
268 986
333 544
255 318
64 245
422 529
289 99
395 186
276 379
664 689
80 792
610 265
17 868
428 639
781 978
935 618
158 716
921 523
656 390
508 455
