778 221
687 25
681 630
935 949
306 334
74 474
824 694
938 196
281 333
131 568
617 584
527 423
611 30
86 826
794 234
892 846
479 476
954 362
52 617
122 646
577 666
421 70
4 259
175 591
454 237
822 226
756 294
22 455
643 198
521 715
424 630
341 597
110 293
86 133
761 43
782 807
195 449
482 743
869 920
623 772
185 962
116 386
853 782
226 186
355 279
82 781
190 287
421 410
663 840
930 556
273 716
851 927
914 909
641 660
739 791
10 971
714 285
519 968
742 657
619 777
58 488
889 280
166 502
557 28
250 429
182 180
324 508
890 295
836 486
291 933
206 815
760 211
560 126
615 229
525 896
145 644
417 258
375 642
390 633
636 988
102 661
546 272
618 963
154 222
954 602
134 780
294 72
690 540
132 694
298 369
507 537
373 994
216 699
51 174
407 177
706 313
804 46
343 198
594 385
364 45
380 594
957 126
530 170
79 727
495 875
242 227
800 918
102 524
895 676
437 354
33 159
744 588
364 850
900 734
197 678
630 356
810 318
85 238
251 317
135 636
526 471
199 516
180 277
293 490
942 965
902 767
283 202
421 653
838 247
90 65
644 114
994 306
595 774
624 786
690 89
227 82
764 336
463 123
462 384
832 402
500 863
589 940
447 65
569 371
938 399
400 551
581 261
424 536
905 483
525 386
884 127
650 746
328 472
644 577
968 374
537 567
602 576
722 42
11 270
717 630
727 449
326 119
928 55
118 477
98 643
284 759
844 133
396 724
225 94
893 813
984 982
920 775
864 298
301 112
504 472
320 344
158 220
908 178
111 496
134 50
583 904
406 33
81 180
154 975
584 401
907 408
767 242
419 379
790 667
407 367
422 159
994 446
768 986
267 239
288 185
760 270
656 432
778 743
74 404
234 179
885 43
997 578
380 785
868 218
468 541
895 662
765 651
820 899
746 538
834 223
588 784
442 338
268 773
296 66
576 310
183 577
728 883
947 178
321 611
563 925
409 526
238 726
