30 217
624 161
755 316
862 836
454 590
30 622
45 555
600 772
624 283
374 506
904 169
513 176
552 195
610 518
177 9
755 845
528 545
279 632
371 329
94 67
644 495
974 970
156 182
807 662
884 562
581 76
272 910
812 806
77 804
7 285
525 429
601 335
176 657
232 430
885 145
190 458
402 242
74 632
144 661
311 250
482 6
667 889
199 266
18 24
150 140
36 371
442 449
844 88
646 346
219 196
162 282
829 769
943 825
890 383
128 40
327 761
833 926
670 817
788 931
843 14
346 795
785 165
671 604
349 902
633 212
424 265
242 381
219 305
740 970
198 695
940 183
905 266
146 907
919 661
16 489
528 969
569 632
718 989
293 624
346 587
626 822
479 902
340 202
935 449
824 910
454 736
749 609
156 381
189 501
654 916
267 110
447 928
212 485
51 90
867 283
596 31
600 250
1 297
777 88
387 897
716 613
866 67
131 656
24 730
449 532
564 702
332 81
577 475
691 224
216 877
290 783
996 432
860 534
820 340
280 273
582 353
959 783
90 711
373 546
589 554
206 24
855 140
643 345
423 739
445 386
93 452
633 138
504 768
661 219
449 311
754 643
824 602
426 627
462 621
332 928
691 100
533 808
648 741
273 431
623 159
707 83
10 850
609 20
682 327
356 121
617 720
207 367
785 507
173 323
838 908
807 729
842 465
758 149
280 177
238 987
115 719
964 859
47 28
338 223
384 475
17 487
802 705
822 573
969 941
119 85
987 612
239 535
314 520
464 584
70 121
889 781
970 484
961 529
197 644
811 585
372 358
507 375
166 866
959 436
713 622
905 562
659 469
940 48
515 449
796 382
785 332
755 700
555 293
770 647
202 745
197 676
165 200
482 39
548 729
315 558
951 49
962 209
55 144
165 861
149 212
154 786
643 338
4 986
72 298
182 499
488 611
71 574
418 999
87 472
308 984
762 585
916 27
979 148
592 228
42 382
289 386
193 75
75 524
