2717 1000
1786
3315
2504
-542
-413
-502
-3675
-267
2881
-1127
1594
-2093
842
-698
-2202
-1609
386
-276
3746
1222
1526
-1063
2303
222
-3533
-1861
-1143
-87
2467
-2776
-1447
1188
-1572
-191
-2731
717
256
-2970
1337
-886
-43
86
1028
-2147
-1507
-3484
2768
-71
2380
248
124
-729
-959
383
3529
3914
910
-1263
3753
-2098
-1724
1127
-867
-3040
896
-2587
-3447
2904
3335
286
1164
1809
-926
-2194
-134
-4080
-1637
-307
3532
-686
-182
2361
2983
-2679
773
-2281
3720
-321
-3613
-4305
-608
-2543
-2514
535
-966
3714
2177
837
3031
-2087
1186
3348
-2144
-913
-3028
-4509
-462
-2249
1567
1664
893
1568
-1810
3273
2500
-236
1587
2527
-2575
1286
2139
-29
-298
1725
3712
777
1556
-1027
261
-212
-621
-2360
1176
297
-1537
-2784
387
-3403
1467
3991
-782
-4738
651
-3290
2982
189
-1151
996
1343
1389
-804
2506
2402
-2478
-1394
-1151
566
-2811
0
254
-1864
-1029
3273
-1024
664
216
36
-2532
1059
-418
2080
285
2427
-1681
-1394
4761
-314
317
-2794
412
-95
886
-1417
2106
1416
4305
33
1974
-3340
101
-2334
78
-1212
-1905
-2611
3819
2016
2189
-374
1110
725
-2097
-2199
2277
-2690
-1332
560
738
-1213
863
-2252
-2594
2138
-2398
138
-1144
-1580
1277
-2094
-756
609
-156
-2143
963
209
1865
-599
-937
2596
293
-717
-588
1124
16
58
612
-21
-860
-2688
4662
-4226
-966
650
-3628
-2096
-1883
-1588
1528
-2349
-605
1152
-1195
1027
1753
-1128
430
385
-10
1986
-3398
-236
-1385
-3940
-1356
-1005
-621
275
934
1548
2567
-335
-3448
1135
2039
1088
1706
-2933
-985
-2047
3889
-1654
-383
3697
-1201
1525
1156
-988
-4002
2304
2176
-2180
-1671
887
1234
-2995
77
1076
-551
-122
-1113
-1871
1782
-1582
1428
360
2084
-763
2801
-511
1877
3314
-290
-255
-2101
-533
2373
718
3390
-3421
187
-1044
-1870
-420
-3860
-1674
2234
-830
-21
-896
-1318
-4705
118
836
-384
-627
-690
-1064
1375
275
-948
-4965
-1716
4046
-2240
1086
198
2386
2671
2217
-1218
-128
516
-1672
2559
-61
1930
-556
-4305
-394
-381
-183
535
-2052
268
782
-1099
-1670
215
2351
-2881
4376
-146
-1433
-180
-301
-3192
1608
-2529
-3619
2836
-362
-2332
-2807
-496
3408
172
1575
-2407
-3395
701
363
267
-44
-1533
-733
-15
-919
2469
-3910
-834
1094
-3475
1715
-398
-52
-1934
-175
624
548
676
378
-3986
1594
-4623
-3158
-328
-2814
-4328
-2838
23
2172
1332
-1506
-1806
1257
934
674
-89
1846
-1847
-1546
1180
652
1798
2470
-2312
-958
4604
-1028
2978
2145
769
-1697
349
1697
2243
2121
-1463
2647
-1230
4378
1115
-1490
-3328
1047
-333
-4541
1393
3597
691
190
-1216
1223
-3722
1515
146
-3186
-1490
713
1016
1693
-2362
-4363
-1293
-920
-1014
3561
3598
1329
-1379
-2217
-829
897
2765
-2020
802
73
957
-700
-1700
-539
2971
227
-2805
196
-522
-830
-1224
-73
-3539
-177
-1115
-2461
3375
261
448
1638
69
798
-227
-2232
2443
581
-3418
-605
-3135
2945
2804
-2374
-1667
-481
114
-307
2394
3069
1218
-3824
801
-894
-104
1980
934
1236
-209
1059
-1042
259
1948
-100
-3257
2023
1100
-261
-2478
-973
711
-2452
311
771
-3239
753
-1934
-2146
290
717
-396
-169
-1317
-37
267
-3188
711
3151
1325
-185
319
-3193
-1843
-135
4165
-2208
-2847
849
-2087
-4458
-3622
1113
-3736
3032
-4
-1181
1754
1506
-3577
1042
-2714
-1040
-4752
-3376
-2576
2358
-2107
-2226
-1571
3617
-2971
423
2047
-670
-258
3320
-1945
-759
-559
888
541
3479
1530
-175
-2051
-1477
-2183
4453
-3134
1937
-324
823
-440
847
-32
-437
274
4160
3700
-2517
257
-1448
2440
2924
1561
-1820
2480
-138
-424
-1828
1754
755
-682
1849
499
-1848
473
1695
666
37
-3823
-904
4094
-1065
567
-2196
-589
-239
62
-3826
-2291
1425
-1598
3132
1952
-2819
441
-2091
143
3728
-315
-1488
2237
4063
-423
3953
-4198
4081
-1459
226
441
2932
3771
33
945
-2885
-1234
1257
-781
-1669
-378
-804
-62
90
71
2533
-39
3057
270
3067
1500
-843
-662
-815
-968
-576
1647
-1907
-39
603
1862
-3208
-968
505
-1271
-3201
-3500
2102
2613
-2369
38
-3614
-3214
-971
405
-1035
2472
1931
860
415
2628
-1796
320
387
4493
-883
286
451
863
-2430
493
704
144
-933
-1664
116
134
1445
2028
636
564
-1647
-2488
40
-615
1473
-867
-1462
2811
1502
-956
-881
4100
-2128
373
1657
1105
-2764
-858
760
2554
684
-80
2373
-1908
-273
249
-871
-2933
1023
3799
-548
1078
-151
2286
-4594
253
2331
1139
-700
-1706
1421
-1093
-967
1266
1622
429
2205
135
-2536
3744
-1039
2055
735
-4239
3598
413
-3551
-3338
-92
-1389
-2417
-1919
291
-2388
3543
4
-1403
2220
2402
1444
1735
-3870
1865
-154
19
-4291
-996
-743
1269
2536
-1269
-2760
-1330
-303
1025
534
-2633
-3185
-3092
-527
-184
-1152
3174
-3854
-110
-1378
862
1312
727
-1881
-2514
66
1335
3526
-1992
1252
1940
-991
-432
625
-1912
-733
-40
2770
3499
811
-146
1760
-3331
2005
-1220
574
1216
-3141
-151
-739
-13
-2436
-1768
-3148
2909
782
-1615
2026
3587
-2313
28
2521
-341
-2249
-2134
3305
-3101
1286
77
-1519
-2938
730
523
-3043
-508
690
-259
1860
1472
1727
-341
3697
-2678
-2104
-2922
2270
1256
3040
900
2342
-1021
821
3098
-1952
-1958
-1485
-1550
1065
1941
4548
-1992
-2483
2972
-214
1333
3647
-1175
2577
2466
227
2946
2533
-347
723
-1369
-1923
-1173
-1790
1880
-2273
831
1034
-2001
136
-2604
2228
-3051
-2116
-4133
-2325
2453
11
2679
3024
-160
-1689
585
-652
-2345
-2628
-369
2568
3002
-1640
1882
-3390
655
1562
-97
318
898
-2326
-1022
3123
1136
2839
-1903
-546
-3754
2440
-329
1905
2672
-1369
3017
3143
1283
1638
1580
1579
-1029
-217
3912
-4221
-996
-1711
-1602
-2374
130
-3192
-3268
-763
-581
712
1145
3627
-1122
-3863
377
4122
794
-1236
-587
-2476
1837
1367
2946
1022
912
96
-2382
2861
761
-483
-2015
-3247
-1684
1404
1251
40
-1206
-2728
742
611
-1441
-325
-1870
2566
1713
-2765
4412
626
458
-1561
-359
-1698
-814
-825
1392
-195
2342
-980
-3001
712
1015
1282
-475
-2615
-1702
1785
-2507
123
-1613
1413
-1644
87
-571
2393
733
-40
131
-1659
377
3360
100
-1953
-92
3007
-1043
3012
-2719
-2366
-816
-1259
-1974
-2346
-2282
-217
1209
-430
1316
3515
-827
-857
646
-2315
-3998
-1693
3146
-3300
-243
-4173
-382
1664
-1551
1718
-416
-830
-236
411
390
-1165
4540
2657
51
4591
-1002
1203
-1140
-272
713
202
4732
676
-1657
3372
-2689
-453
105
917
820
426
1003
188
663
4408
3803
97
-1227
3389
-1241
4281
-2279
-2400
2093
-1985
3560
1903
3216
-1119
-2570
824
-4289
1175
910
-2650
2052
-923
119
456
-2910
-1439
-1435
1406
270
3063
3754
-1217
1614
-2110
-2469
2287
1446
3388
190
265
-1133
1855
-1679
-3994
3982
-1794
1415
-2221
-1121
-615
-2787
-2381
2353
2528
807
-1133
3383
1884
2496
-2532
3360
-530
-620
-3006
-2941
4491
720
-2554
-2626
-3499
2033
-2211
3786
-2678
-2052
-2764
-405
1700
3805
299
-2106
-3275
1004
564
1296
-4
1116
-1760
411
1530
-1276
-3553
1072
-571
-1971
1249
314
-705
-1796
449
1095
2390
-2509
-3874
778
-2442
-3945
923
3358
-3121
-2415
3090
432
91
-353
269
932
-2251
-2217
-2969
-401
3144
-1637
1174
-791
-2040
190
-1246
-3447
1696
-154
-2124
2158
-174
-4199
1233
-1232
710
-3745
2399
3569
1266
747
860
-832
1377
505
-4186
3310
-2942
-2454
-1304
2372
-2631
-2473
-518
3571
82
1349
1717
953
1090
511
-3690
115
-2425
1201
-930
1682
-79
2161
1996
-1468
-2621
1277
-1682
1777
2477
-4059
1282
484
-809
2142
1692
156
-148
2328
-798
-41
814
1997
2345
-1309
1870
60
-2667
-483
-592
-2070
592
-1555
-1664
-2614
47
1546
-2263
-2835
168
936
286
3319
756
4503
418
3312
-521
4380
1236
3880
-1834
-828
178
-2379
-2155
-59
-1569
-1643
-2472
-85
-904
226
1755
-2018
-900
-4457
-3117
911
-141
1397
1118
-680
-3301
1
3316
-2584
2008
-2206
510
1464
2165
3297
-794
-2985
3190
-1290
423
-122
169
265
3475
858
408
-2672
-1481
-778
356
248
-2165
-72
1267
1964
-4123
-395
3609
-1650
3045
1278
233
2324
-1756
-2162
-1715
1691
155
-716
-127
751
2287
3680
1476
648
1758
-3101
-2888
3471
1838
1087
251
110
-1761
-3101
-521
-3148
-852
-533
-2088
732
-973
-1864
-3640
-1358
1138
-72
241
176
-1156
-3219
244
-767
643
1522
1748
-632
-1043
2587
-2021
2898
2670
2506
1927
3746
-1578
124
2015
-950
642
1583
1502
-492
-4659
41
1659
-1513
2649
-844
3675
-135
3106
310
-676
-356
2700
-1421
379
1290
1656
-2526
1777
-156
1974
2403
-1469
-232
-1281
-2095
1394
1546
64
-1374
1274
2042
1069
-954
-2600
-1405
-3766
-3048
-767
-3128
772
668
2131
2473
664
28
1765
1277
1436
1110
2278
-1450
705
-297
-1795
1788
-537
3541
134
2329
-2879
3275
-879
-4303
296
-2799
-148
706
349
-260
-2440
-2690
-325
3656
-1314
-1793
-3259
-3955
-4702
-808
-120
3046
3250
-1749
-180
-1667
-905
3421
983
333
758
-613
-3480
3203
-3061
2837
-2898
1556
285
1557
-1547
3944
-701
-2709
2647
78
-991
-2664
3141
-3197
375
-103
-1432
-2167
3462
3187
276
-2780
-654
3280
-1387
1583
-4217
709
-2030
1086
1623
-4176
569
-837
-31
-2113
-999
-4007
96
2930
-2482
731
-1883
347
2067
2481
-3611
3256
-916
21
1684
2596
-1969
287
2101
-23
2685
591
-2270
-719
1176
-398
66
2022
-221
-2928
172
1435
452
2312
596
339
2123
-3581
1032
-2271
728
-1747
-2266
-866
3009
-837
-3314
717
4041
1462
506
2126
-1471
659
-882
-1906
845
1425
-837
3794
-1185
2333
2165
-1060
1262
-675
1442
-4368
-709
2941
2772
-31
-3668
-705
-1192
-2608
1926
-192
-2762
1788
4265
-329
2704
3340
1480
84
-2534
135
-3315
-769
809
-1496
1758
1998
2217
-2863
-112
-1541
3279
-78
-3143
1097
3357
2557
-3915
785
4000
-2105
-2584
1506
2107
47
-343
3838
-3159
2234
-3132
-2829
294
-1608
-1598
696
1899
-1484
-2310
-1883
1598
2767
-214
1140
1752
-677
-2349
1690
2807
981
-2806
-2105
-2291
505
1061
3809
65
-268
-3824
-2112
-3939
-2580
27
-4779
121
853
705
-1503
4326
-3810
695
2743
1577
-2434
-584
3793
2505
-53
-494
519
1142
728
1866
-4197
-672
86
-556
-3732
-118
81
-220
751
-1492
2512
1287
2530
-533
508
3298
307
-15
-1108
-148
-2077
3423
-1724
-2768
2844
-3817
2909
-4746
-1615
-1620
2287
-2691
-315
-1748
1501
-853
-1568
326
334
1424
1348
-2672
1121
980
2403
852
344
-4109
-1197
-4228
-1014
4245
710
-1594
1631
1693
-280
-1570
-680
2727
1090
4541
1146
727
-284
-1125
-388
1751
-145
166
-272
2065
-1392
663
-3138
-560
-1860
1795
3349
3188
1663
-1420
-1167
-2044
3155
2795
-627
1254
-4155
-109
295
-244
-567
-355
2794
-668
1072
591
-715
-1162
85
-1827
-2499
-2339
1455
1660
-1650
1997
-1959
-185
-2488
-100
1559
303
796
66
-2692
-2138
3237
-626
-2354
1209
-3054
4174
4217
3712
2720
326
-1072
2796
-4618
-3008
-1326
-1885
2892
-831
-1184
-1537
-805
-1016
407
-2568
-4179
731
1170
-2162
-2759
-342
221
-126
-36
-490
1548
-1968
389
-1187
1241
-3240
1410
920
-1539
-117
-2235
2792
172
-1236
139
-2454
-384
-785
-1988
733
-1461
-2833
1265
388
3169
-1923
-4470
814
-1058
102
-3710
117
-1022
1000
1734
1505
1307
3810
-647
-1681
-153
1248
-3700
2824
4130
-1112
-1520
3748
2781
2062
-1586
2576
737
-3464
-3169
3579
234
2916
-1975
2614
525
-187
3955
-346
1360
-4239
2096
81
214
-120
-2961
-270
-1739
1285
847
-1334
100
2256
2153
3734
-2763
148
4014
-155
304
-1938
508
12
41
-752
-2909
-857
-2981
279
-303
-3423
121
-2040
2588
-2625
3764
-8
-46
-2640
-1122
-613
-3728
-3098
2631
2637
398
-1541
1910
1619
-1574
2871
539
-736
-4716
-608
263
-1030
91
4482
475
-2231
254
-657
-3313
-1762
-677
1219
-2242
-838
-1411
-1583
-3125
-49
2437
-887
1275
3803
2452
-1118
724
-383
262
1989
-258
2659
4147
1428
3578
-1026
-613
2712
-2056
-1447
2365
-3589
-2517
-2758
-1585
-558
2996
2413
-1571
107
-2572
-2629
4206
-3117
583
-478
2553
-4042
2608
2288
-1863
-2472
-3785
769
87
825
2663
1156
-2656
-2084
-3523
-1100
2766
-3764
-1066
-4384
975
-121
279
-237
-37
-362
712
1040
1441
-3209
104
-1436
-60
645
1485
2777
663
-180
3259
1113
-3910
-2709
191
2411
1324
-824
3126
79
-1803
-2725
2468
-994
-1880
361
410
1230
3682
-784
-3097
353
-993
423
-609
-303
-1149
-1099
1282
-773
1454
4199
-826
1210
145
533
3839
-368
-1309
574
-62
-1641
397
2986
-491
-1947
961
-1279
-814
1837
72
1050
1176
-295
-3234
-642
-2007
-3308
-1477
1681
923
-216
4123
-4003
2262
-1420
241
258
-3718
-286
1808
1191
3968
11
1103
1825
1484
3404
611
2789
-2590
-3400
-379
2344
-1291
3491
-418
179
-4539
-1682
-1803
-56
-663
2591
2283
544
822
743
-634
1174
197
-447
3038
111
-2737
1305
2054
2250
-183
704
-1816
398
-4119
542
2819
307
-325
1105
2317
-533
-3653
3346
2109
-354
447
794
-452
3174
-1843
217
509
2987
-1740
1042
-255
1415
1877
-1491
-13
-2281
937
597
-207
-620
403
-1321
153
2145
-748
-3058
-164
3806
202
544
-502
-3256
-1819
2536
-471
-783
-2435
-476
1656
403
-1855
1074
-708
4184
-141
2893
-3358
1686
1266
3726
-3447
-2432
-3226
1033
-2889
67
2616
395
2002
-223
1575
-1319
-396
-2805
1463
965
-4156
-992
2349
-3820
797
-1868
-2470
-3453
-958
-2498
-1739
726
-1243
-2391
-2768
738
-426
-2206
795
-2377
-818
-3721
-60
861
-1323
-1039
17
1529
1662
-3044
-780
-779
-2899
-2124
809
2707
920
878
-912
-646
1358
450
4132
-1721
-1931
-1052
261
-2724
-28
-2112
-1731
3468
1854
2986
-3598
2732
-274
-2057
79
-2145
-87
-3016
377
450
-3083
1155
1245
-3375
14
3349
497
-3612
-1395
2109
-476
-3180
1317
-844
-3223
-1016
-1142
684
-5
-1412
616
2398
-2823
405
10
-1698
1314
-3570
-1407
-1763
-1140
-2201
-1097
-825
-3040
-4547
1066
253
4433
4547
-1856
1563
-3512
2620
-4760
1692
-1793
1507
-2652
-987
1773
3002
955
1721
2442
3272
-605
-3379
3270
1022
-3057
1671
-1406
-591
1674
2271
1253
1709
-2935
1297
-1430
723
2339
2893
2073
-3052
1575
14
-4023
491
1553
708
-594
-3270
-1639
-1839
-2629
729
-2258
-518
498
402
-802
-1756
-1494
3428
3842
772
-2575
-2087
999
1185
585
1810
-1445
181
-1668
1073
-2939
2576
1513
1580
-2412
3600
-1307
-208
-1680
3927
2141
2171
-84
3467
-2449
3339
-401
-1088
2521
-2003
4021
13
3777
-3414
856
-371
-1847
-296
-848
2510
-2684
-3736
3436
2839
-3761
-4584
1564
522
435
2206
1323
1223
-3073
1991
778
159
-1022
3602
-2617
-368
-434
1263
825
324
-1390
247
4625
1331
-1049
1299
1497
-1040
1074
-1208
-2560
-744
1583
2648
-402
-695
434
-1007
-2144
-2740
-3095
-416
194
1140
-670
-38
1789
1362
-1435
1369
-2135
2037
224
1416
294
1002
654
3490
2950
-1385
-3343
-74
808
287
3969
-1084
-2201
2781
-511
172
-1592
-758
-2748
-654
3026
2990
-1843
1187
-2944
58
3445
1461
-1244
485
1921
2610
-4149
-1652
938
-1829
876
556
1117
935
281
-611
-176
-133
2283
3784
-1598
763
-1533
-623
-1858
671
4138
2293
11
1048
2420
-3322
3130
-318
-2889
999
2001
-3648
4285
-1926
-2521
2237
-2362
-1135
-3497
-1911
-2404
16
574
1145
4162
143
2974
-4215
-1478
-128
-248
2951
3391
629
4443
3313
2120
2178
-3451
-822
-3457
-1087
-1235
158
-1417
-110
2952
-2418
599
-2375
-132
2659
4492
-4371
2642
-1605
-449
-307
-995
257
-939
2934
2257
583
651
4582
1003
-3247
396
-2484
-2374
3093
667
