9136 5000
-2521
-2890
4368
-126
-2760
-4211
-3515
-2514
8592
7163
-935
4654
-1096
-5650
2760
4119
6898
-656
5087
-4804
-9456
282
2065
4782
-7552
-3798
7359
-4126
2742
-683
-1084
-6409
-526
4775
3110
-1321
-3496
-2073
-3619
-1466
-1113
-906
-5625
5717
-4231
5828
-1414
3964
777
2683
493
1712
-93
-1524
3208
-6897
-3085
1057
608
6508
-3786
-429
-6019
538
-6747
4225
-3833
-2437
2418
3554
-6806
4725
2419
-813
-6575
-7547
-822
-1890
-5810
484
-3775
2435
-4062
-8628
2580
-3337
3866
1509
-1843
2453
-2931
-368
6641
883
5174
-7148
-4114
2219
2486
158
-4193
3179
-378
-6561
3761
1700
2659
-4003
-2547
-797
-230
-1437
5311
-9641
5366
2812
4387
351
1736
2380
-4258
-352
-1812
1380
-2657
-3740
-2310
415
-5556
5513
-8990
98
-2513
-2692
-1642
2063
-2517
891
-1477
7482
-1087
7116
5520
3082
107
-1788
2723
4660
1146
-4952
-5488
-1900
-757
-8101
5409
7884
1640
-1289
-3277
3111
5996
865
686
1016
8280
6449
2097
-2024
-1845
1017
-2537
-1962
1878
-144
1636
-1075
2684
-2246
1954
5554
-1322
-3738
-110
1053
-1772
-1535
178
-4724
2854
1242
7469
822
7615
-4966
459
-3458
-993
1112
-6463
-1437
347
-3663
-4076
-1199
4669
-4569
-1689
974
-4889
739
-2995
-5878
-7196
-500
5564
3620
-7730
-1397
-6058
-309
4303
-3139
-4876
3430
-3632
-5222
-726
311
486
1802
-4629
1206
8630
1107
351
-9098
-4393
1849
-4257
4113
-541
-1071
1821
-999
-655
270
-768
-1815
936
1571
-1857
7261
-691
8578
4882
820
-672
6853
-3923
-4044
3541
-971
295
3288
-2427
-413
-2812
5474
-6989
-2883
4127
3224
-2204
4079
347
-1180
-5882
4080
-1413
-2871
3799
6627
4228
4118
1191
-600
1940
2873
3562
-1983
-188
-2891
-1011
-6701
1005
2191
1748
6033
2883
3650
5202
-757
3657
-6810
2196
-2051
-3471
-7785
-7053
6438
1325
2837
428
3029
-6357
6396
-6730
2334
1491
-528
-3856
5030
-574
7403
-2348
-4878
195
-4700
-4276
-5296
3879
6562
500
-3765
4529
-1107
-5273
-7706
-5689
-2183
-8351
-7149
-4858
-2309
394
34
-2166
227
-1133
387
-1267
-9500
-5858
-5352
3863
472
-9650
-4997
561
-5
-5928
-142
-3377
-4655
-2775
-3897
6939
-4783
-2540
-1126
7639
4259
6047
-1172
-2269
-5926
-6734
6899
-1758
1744
1302
6569
-1140
5841
4628
3629
2069
-54
-2096
-6548
-5201
-6339
1362
-4249
-2441
1129
-6301
-3149
1081
-2956
2466
-554
-9541
174
1960
-123
-3210
-5631
-1384
2885
-3683
7080
3894
-6114
-2934
5376
-5330
-1268
2989
-540
1133
977
5604
3680
2164
-3356
3134
-4951
-1761
-3512
7151
-741
-8187
-4232
-3284
4196
-4790
1504
14
957
-3986
-2752
3503
-7633
9964
5347
-1451
-1011
1341
6713
-4432
2647
857
-1916
-4330
-2565
1050
6791
-209
-1763
-830
3024
5344
-3258
-2426
-402
354
4956
1614
-782
5096
-3777
-4970
-756
1243
-6262
2833
3959
8501
6562
1709
4331
-1248
3139
-2103
-4718
-2307
2308
2588
452
-6023
1826
-5192
-5535
5857
4376
-8182
2693
5320
1087
-3004
-1473
-266
2550
5233
-1866
986
7328
5822
-7270
2121
-2021
2846
-1657
1487
4568
-6926
3079
4369
5683
1349
-8115
2137
-3051
-6525
-1181
-1117
-2955
-3385
6812
5558
1223
-2826
-5062
-8378
2318
-3805
-6826
4175
-733
2249
-5331
4602
3121
1821
-4492
2716
569
-2791
1982
-1607
4941
-8096
5347
716
4737
-6507
-5906
-5383
-368
4035
3713
5015
3997
-2031
3961
-1544
7912
-2514
-6377
2255
-4311
5435
2782
1141
1873
-4295
2584
1386
-5227
1119
2500
2460
-2532
-1177
5095
6160
-3675
3179
-1704
3258
7019
6151
5152
-2365
-1960
5200
1100
-2070
1716
-1324
-1263
6673
2726
-1298
-9922
-3070
-5884
1568
6326
6442
813
-4373
5138
-734
643
-3323
-4611
4914
2846
855
-563
4996
4088
5030
-7112
-2637
-8015
4690
1866
7741
-3890
-664
-2225
-1126
-3488
5368
-436
-2832
-266
-3518
-6506
-3170
-7677
1553
407
1505
1852
35
486
3421
-4569
4842
-4479
31
-4276
-7256
8678
8146
4467
-7742
1765
5583
3478
-965
-6
301
-6821
8755
-5753
-2952
-1391
7514
847
1493
2935
-283
-1186
1873
-1524
-6532
4643
-1869
-4786
3459
4557
-1444
-3192
1363
4282
3927
4117
-6277
-3693
9151
-3797
7344
4653
2403
8862
2183
-2863
1767
623
1737
-4860
-621
-3719
939
867
3066
7898
1547
2118
-4515
3327
-4972
4553
766
2225
2957
1455
-1346
-432
4907
997
6142
-3332
-6166
1009
-3378
-310
-1029
1242
-3481
-4339
6220
-6867
-568
-4005
6041
-2927
7779
7501
8840
-2830
1931
904
-2133
3518
-3141
-3144
-403
1957
-3730
-547
-8370
1344
4250
-2744
-1925
-1680
-5595
1798
2442
-433
-3501
3605
-1966
1582
597
-4290
-4159
-2060
-1293
4669
-80
4055
-6087
9077
297
-544
-2973
-4417
3353
-2456
721
2406
-288
-7143
1171
349
-364
-4155
7197
1319
5913
5122
-3096
4337
-5751
7248
-8179
9058
1159
3976
-1456
-3217
-645
7033
-2124
-1021
640
380
1467
3291
6296
-25
-4047
-2943
-5026
1043
-5400
-1670
-1912
2839
6444
-5615
-7293
915
2927
-2260
1936
-3116
2048
9672
2818
-4313
-12
1226
1718
359
267
1743
-2785
4294
374
-5139
494
1008
5911
2042
3234
1409
2232
-6418
3003
-1438
-6411
-2870
6143
-47
-234
-6302
-1836
-2748
223
1185
1637
-6415
-4267
-4617
1578
-1706
-2470
-1500
-1658
-793
3942
-4824
-1980
2399
-5461
5991
316
-536
1763
8488
3949
2273
80
5686
-458
5243
2615
2092
5
5108
5291
-2771
8435
-1827
-1527
-3366
3504
5093
-3890
387
2342
-6873
2370
-879
943
-4092
-4216
7539
-7963
715
888
5431
498
3226
-2638
-3816
6223
-206
-3331
2807
-5472
-2790
-3801
1438
-5965
-37
906
-7637
2067
-4984
2453
8533
-2464
4061
-4151
-8424
1332
-6707
-6410
-4682
-5781
670
-2697
6792
2219
681
6879
4760
9508
6614
-2876
5724
-1197
315
1891
-2556
-745
-540
5726
-47
1839
2318
3005
-5928
2243
18
-5422
7425
1261
6309
-8096
-2039
-7318
-5163
-1299
-5044
-1317
-6103
76
-2454
2716
8710
-826
727
-99
1183
-8687
-1119
4916
-2826
-4372
6787
-2612
1261
-5790
-1863
-5218
-995
-1251
1551
2796
-3283
-5329
-5901
3246
-1277
2780
-7695
-540
2130
-1600
673
-831
-910
8016
7698
4893
-3431
3410
-619
1839
3611
-6693
247
3286
6099
2514
1860
-6523
-970
-1441
8838
-1989
6273
5834
2367
1732
-2163
7234
1222
4122
-5362
-6705
276
2185
763
-1157
6520
848
-6766
7127
2576
844
-721
1459
-2284
4102
1092
-5637
-3625
-3354
-1899
4204
4165
-1025
-3265
-659
1397
-6039
7687
9758
4089
2236
680
6208
2486
-4913
6735
-3147
-2925
-5163
7934
1410
2100
2750
4686
2780
6578
4408
497
6200
2814
2609
-5775
-4121
2419
7757
-139
-863
-177
5750
3779
-1952
3290
-6625
-488
-1418
3437
1191
14
-2759
-753
-6070
7425
5204
1585
-1622
341
-36
4214
-1228
-1429
-5528
2310
-313
5412
-6222
-1519
-3571
-2591
-835
-3724
2923
1622
-200
1208
-2892
393
1864
-737
3823
3609
-4799
-7081
-4802
-1531
7454
4665
-1450
-3250
5706
-1992
1766
-426
-4375
-4003
-3799
-332
8097
7233
-2940
1137
-6627
9390
1299
-3275
-7292
224
3006
-7419
7498
-3906
-3701
527
-4072
7973
-4289
7821
-2895
4970
4085
4422
2703
5342
-2039
-2239
-3897
-4994
470
5000
-968
3560
1722
-7198
5705
-2203
-3302
4594
4467
2722
640
-4666
-3069
63
1941
-6224
4619
4292
2539
2239
-6896
6137
-4197
3864
-6350
-6401
1925
-2608
2351
470
815
-582
-3223
-7657
-7516
-5838
107
131
4939
737
-7226
1085
-422
7908
1607
-2695
4069
-3636
6468
1759
-7247
-1520
-5606
1796
4524
-4415
1241
164
-1770
2725
-9184
3523
-4444
928
1528
-1535
1416
6975
523
-4977
1846
662
5323
-2305
-608
-438
-7028
3953
-3997
-8701
6671
-9743
-6578
3305
-78
-4420
1070
92
-1828
-7584
1447
-1984
-2058
5297
3014
-2460
3481
-3191
589
3000
900
-8891
-6764
-123
-190
4937
-348
-445
2471
-3863
1065
1588
423
-331
1617
3469
-1366
1123
6260
-2107
-2862
-2259
6143
-2476
174
-3075
1509
-2742
-7169
2258
2073
-6007
5181
7018
-5070
3891
-6071
5190
-72
-2858
1549
-9
2573
239
2919
-124
-5592
-4269
-527
-7943
-9087
-505
836
-6480
-3108
5506
3959
-460
-640
-1906
-228
-305
-2060
1713
-2685
1384
-7251
-1791
5379
840
-208
1584
1651
1650
3849
260
-645
763
-1134
-3152
1386
2015
5853
5408
1958
-2863
8263
6221
-4259
-5725
4889
8053
4501
4002
258
-2084
1243
2841
2513
-1659
1850
4270
-1188
2137
-5777
-2756
-1789
4660
4925
2212
2062
-6422
3318
4629
1898
6137
-6798
-4027
4825
3927
-8034
2261
-3584
-4855
-2787
63
1098
4363
913
20
44
-205
1041
-2141
6559
-1940
711
-7094
-1018
-3555
4827
4105
1065
2679
4213
3533
-133
-7808
7264
-2587
-8850
-7121
-922
-5367
-7739
-2625
-1897
2761
2531
2809
271
1557
1158
-1923
646
3995
2604
-1392
-7440
4771
-519
-1376
-5747
6327
-7055
909
3018
2359
583
4080
-3164
-1161
1807
7339
-6476
-7476
745
2753
-2635
-3023
-3374
5013
3260
6082
1680
-1303
-1640
-4944
6518
3042
1214
8970
-6971
-5796
-1600
-1241
4773
5026
-1323
-5259
4864
2307
4617
-2367
1367
1561
1748
-2936
187
-714
-4803
7595
5455
2733
3826
-7772
-2572
7161
-8119
3429
-2132
-9382
-1881
-8364
2946
-3808
2464
1283
-6381
-8212
137
-5690
-6467
-2615
-6700
1178
4402
-194
196
9389
-1092
4983
1791
-503
1088
-2274
-4084
-1372
-5779
-1022
8900
1492
-3772
594
-5279
-1098
-7449
-2401
1640
3784
-3445
-2049
-3658
4700
-2592
-182
-4419
-3142
5480
-3671
-4687
630
-4771
-2149
-2654
-2433
-4407
1749
3473
-6084
-2118
-345
-2885
1634
1166
2229
2465
-3099
-4833
1430
1122
-3856
649
275
-3762
-456
-2690
116
4155
2055
-829
-4611
-6455
1920
7469
-4103
2055
-3313
1043
-3438
443
-3275
4231
-5300
4221
-3767
-7746
4780
2796
1766
4112
693
6107
8246
2972
5517
8770
2473
4059
-1215
1717
4152
48
1244
1337
4392
-6051
7130
-3887
-8259
-492
3922
773
5685
-914
-379
-2086
-2327
-939
-2496
7159
-371
2707
-1604
1788
-29
595
435
2882
7123
-1524
-3665
963
531
-7323
8153
-4867
-820
-7011
-443
-282
-2390
3056
-4412
-1595
9431
-1730
-74
5887
-1663
1158
-340
-3000
-3376
4272
-2452
3363
-8795
588
1786
-2479
-2875
-8618
-6728
4588
-1425
1634
371
1379
-2585
2911
1186
-6938
-822
-6240
3315
-2713
-3404
-2398
1122
5838
608
-1886
506
3765
-1117
2129
1156
-3974
1828
20
-3671
1633
-3890
-6405
104
-4712
5669
1484
2158
-3478
231
2032
24
-3658
1327
3690
-1139
1364
-4188
2902
-1281
-4539
-3131
-498
-701
-1104
-7462
9596
2229
-5028
1725
-4036
820
4162
-2285
-4062
-2659
5757
-807
-3200
-2229
-2994
-1241
-1325
4081
-247
-1059
-5086
3987
4581
-4289
-9
8222
2451
-498
-5111
-4703
-6157
-6276
-5
-6228
-4603
777
-4513
2019
4052
-4431
-772
5487
-1308
-3468
2152
1468
-724
-5865
1160
1364
3491
-3098
-495
449
883
4928
4690
5140
4504
891
3848
-2243
48
-1428
-3354
-1205
2496
-1133
-4337
-3317
252
-6694
4289
-4946
-3213
-4933
2110
-2492
-223
7489
-2193
-121
-2251
93
-468
3
4215
2095
2817
4980
-685
3418
5949
5939
-1043
-6785
2868
305
1464
5879
3559
1569
1704
-5440
-8062
6546
2737
2181
1246
146
-5044
-46
-3065
-2364
2726
-6603
-2934
4410
-1477
-4157
194
3251
4579
-534
760
9098
-7984
3787
1983
1310
-2503
-8305
-3752
3435
-2646
2962
2998
473
-762
5258
4127
-6359
1257
2665
-3134
2642
-1385
-8304
4176
-4573
-2247
4808
2642
-4539
7991
1417
-2146
-3505
671
6419
-2689
4819
-4210
-3802
-9202
-960
-3852
2147
-1712
-2657
-1013
1680
5326
2252
-4874
-3247
-4080
2904
-4390
-127
2934
4810
-4152
7620
5980
7117
-2751
1656
-3200
7385
6366
-2754
-7829
3838
1539
-729
4281
-4859
-2968
-4255
-1371
7663
-5324
-1170
9412
236
3008
3351
2417
-3568
3910
2813
5410
-5682
6755
2913
-3972
-6272
44
2564
-2831
1027
545
-7602
-115
1375
-63
-9204
3766
-1504
8950
-2609
-5160
1941
-997
-5909
956
-8149
1347
-6408
-5323
1232
-6293
-4604
-6328
5709
4420
-680
-1393
800
4075
-3477
-1470
-3322
4656
-1988
3771
439
-3818
657
-3675
-4138
847
717
-2257
683
-5339
4846
-5472
1354
-3410
-1390
1021
5311
-4802
-7495
-207
740
-7213
-4526
-463
3842
7036
-4081
456
3598
143
216
7153
4036
-4532
-1264
-974
-6002
-8331
-643
8157
4400
-5653
-1523
4698
-6996
5182
-465
-231
-3321
8579
-975
-4156
-8830
-4199
7
4640
-1639
6621
3132
2514
1043
-1549
5146
-6653
5177
-7010
-5083
8941
-338
362
6941
-3098
3599
757
2366
-3963
-8942
-6431
-2498
-759
3343
4042
-164
-6108
-1244
-2592
1552
-266
-134
528
544
4276
-1729
1027
-1066
-4322
6866
3945
-919
3140
-390
-4130
7105
4800
-1213
6583
-6101
3115
-226
-1806
3643
-2241
-6689
1786
-177
-3991
-4744
1555
-1258
640
3864
-3551
542
-4688
4540
-686
-2288
-2539
-7887
-6474
1112
-1306
602
7141
3480
2670
471
4524
456
502
3410
-4495
-908
3640
4590
2004
3868
4266
2428
2184
210
3179
5862
2083
-4495
-4808
-892
-5241
-2386
2021
-6074
-3069
891
2671
-607
3116
-301
1333
-838
-2727
-579
2769
-3776
1945
-5019
5208
-4812
4893
-3146
732
2030
3242
4588
3171
-8630
-4878
7817
-6512
1232
-1194
4771
2676
-4688
-647
8304
2144
-7256
2743
-605
1609
-4636
-2472
-1824
4485
-7526
-6038
2442
780
3113
646
-6337
-2522
5820
-1325
510
-3564
5894
3264
-139
-231
171
2902
-4681
2747
-720
-4013
-6768
4182
-2589
-5033
6201
4318
-414
-2020
4106
222
-3583
-2002
2608
8679
6373
-539
-820
-3425
-4447
2426
-3391
-1206
-5058
4202
4020
3605
5181
-1509
-4611
-4446
-1165
2031
5557
-4145
153
-1266
3750
280
-7663
-8672
4590
-5450
2310
500
-3387
-2776
2977
1532
-1715
93
2991
-1557
1516
-3934
4022
5633
2676
4566
-4477
-2981
-8888
-5583
6987
-7322
-4837
-5766
-2274
2987
-4326
316
-5876
266
-2987
2038
4413
-2085
-4411
-5265
930
7054
5863
101
-111
670
-6135
4072
8644
5252
-1787
2224
452
-69
-1376
2657
6744
3124
1933
-3611
6889
-3326
-4394
5247
-4545
-2510
-1241
-2743
-3017
-3315
670
-466
-1758
-3776
-3204
8670
8007
-6947
2289
8633
4312
754
3012
6148
-774
8672
4056
3593
1113
-1436
-4251
-609
4400
-1261
-2820
-4106
-3161
-4307
7210
4779
-5723
3258
2986
-61
-7079
-766
-4035
-2128
-900
-463
-4580
-4432
6536
-166
-541
-4092
1104
4688
3541
548
3103
4194
6494
309
-2985
-1873
4027
3073
-1219
-2427
-254
-828
553
4078
3673
4272
2973
-3717
-1743
9775
4928
4066
1892
-9301
823
187
-67
1076
-4656
-577
3213
-3161
5720
5209
4052
-3786
1495
3785
-219
-2391
-8209
-4175
-6246
-4993
70
-4410
3862
853
-3593
7563
-1449
6450
-2752
587
337
-156
-7318
-489
-3181
1221
1202
4324
-797
-4211
1973
-3195
-1697
4177
4595
-5345
-1925
321
6376
-6857
6614
6854
-2915
4241
4687
-1998
1231
3272
-8269
-32
-2181
-6955
-613
-1174
-2380
5497
-7500
5913
-2063
835
-2357
717
-5131
4176
-867
1268
3075
-313
-7460
2027
3043
2222
5711
-716
5855
6475
-2722
-5962
5452
3604
2681
2398
-1603
5384
7676
-6537
1145
-4156
-643
-5276
-5193
402
-5330
-5057
7416
2518
-3577
4556
-6309
-2179
-3189
3551
2301
5759
-1574
-3133
-9361
-1263
2772
-2715
-2922
-1245
-3717
-4188
740
1552
-6162
-422
-1235
-1755
-225
-2777
1071
4471
-3587
-8211
-7377
-2974
57
1112
3201
8006
4520
-4290
4659
-3550
2143
4173
-4304
-2527
2298
-3940
4117
-1081
7418
-7722
-3393
5491
-3497
2988
5987
397
-3863
2980
-4017
-5514
-993
4573
3497
2896
-84
8007
8364
-813
-699
-674
623
-3013
-5757
5774
-4720
-872
-3008
-1317
4578
4293
971
-6130
-2245
1150
-5695
-486
-1681
-6
823
1566
-1195
1893
-1417
6617
-6955
5322
5885
2311
-4063
309
-5216
5219
701
68
2111
6238
-6348
148
-2016
3478
-3534
5072
1825
2654
-4058
-7530
-4123
-5021
1269
-5268
-3782
2550
-1208
-1863
1274
1241
4277
-499
-2156
1095
2678
315
4604
4210
-4600
-1614
3129
136
5069
-3022
-3592
-1239
7791
1450
-5138
-9297
-7073
-6600
-147
5201
346
2306
-5296
5505
-4797
4663
3215
-8235
198
627
5679
1428
-4655
-1846
2392
-2882
5230
4639
-5321
2039
-6212
-3937
3398
2855
-3439
3622
-5035
88
465
-2116
4864
-3999
1055
412
-1337
-1
-2705
2918
537
1510
3818
3896
-731
380
694
-7231
1783
-5235
698
-8478
-5856
6517
4069
3848
85
4080
783
1786
7016
2876
316
-133
-457
-6801
-1093
6744
481
5603
4328
4345
-628
-6205
-1856
-5496
-1498
-4978
-4514
3106
6409
-2030
2310
1728
-1092
-1860
167
6778
-2397
-9244
8465
6136
5899
1140
-5763
-6706
2524
2616
-592
-1002
2537
1888
-4444
390
5855
-8059
-3816
-2356
3256
2426
-3523
-1890
-98
7553
577
-2046
6354
1479
-3658
1300
-2916
1202
-2386
-3134
6496
-3050
-6013
2111
2438
71
8067
4870
-2783
-1577
241
2500
-3882
-732
945
-1486
-6583
-340
425
-3273
5897
4335
6004
2896
3863
-8897
-3150
-6142
-338
-6259
6240
-5827
-6309
2376
1322
263
-2081
1385
390
-7945
-3098
4779
7639
-7882
-3707
-902
-4564
2307
-1134
-6205
-5913
-2099
-1976
9137
-900
-753
-1182
1584
5951
898
-3533
6691
2347
8251
-7635
-512
-1999
1696
-2399
2379
1886
-1752
3974
527
7006
691
2514
4749
2663
4220
-514
1901
4222
579
-83
2778
373
-295
-1395
-2508
-2099
8864
-1364
-1627
3947
-703
-2598
357
-4218
355
115
-1127
-1938
1143
818
-4764
-2398
-337
913
-458
-4363
-553
5161
1050
-2412
3705
-4791
-3921
330
-3037
602
-6604
-3043
4204
7298
-2892
-954
7505
3685
-2948
6422
184
-5907
-3314
4428
8438
-184
8477
-1315
480
-2378
6799
-2637
3184
-4228
-1689
-9058
-3775
-2467
-140
-519
3718
2196
-6133
7380
-6640
3589
1215
5651
-6930
6096
1645
-8320
-4869
-1830
1639
-3511
-2173
-6650
-178
-488
4587
-1224
-162
850
626
1203
-9247
1041
7084
521
4942
-1670
2664
766
3475
3426
-7220
-1361
-984
1771
-3811
-482
6205
3312
-861
-9023
-446
-245
-2996
3803
-1163
9341
3431
506
-8020
-895
-3030
1337
5448
4645
5227
7807
2144
-2611
6497
-6302
-3208
-648
-1092
-6418
-1170
-4586
-2944
-1166
2803
-6923
6154
1150
-3750
-268
3667
3559
5096
-2571
-1546
-1055
6545
-4864
7409
-3944
-534
-1489
-400
3023
2287
-2838
7913
-1626
-1614
-583
-1811
-449
-1022
4587
5867
-1073
-6491
2732
121
-2682
-2454
1929
-4490
5000
-1831
3035
1105
227
6855
1952
-2861
5244
-122
-604
-852
-199
6193
-1840
-394
2176
2829
-2122
-2931
-2322
7780
7297
-7185
4680
393
-5964
-5014
-1885
-735
1854
227
509
-2375
-4584
2825
485
-3771
-7440
1356
-1217
-6248
-5941
-7183
-8224
4679
-9111
-5728
-7513
-5310
-1006
1993
-902
3555
1554
-1901
975
5527
-1254
4695
-7825
-2774
-4987
-4485
-7532
-6966
-6169
5064
-4151
-2013
-33
-4745
-3446
-1838
-744
-449
2580
-1431
-4143
-5394
6690
-1459
-2978
-593
-5058
4626
5364
1912
2695
979
-1379
3191
-1870
-2752
-3084
9069
3261
-6032
-2464
-735
2454
5451
7182
-5969
-1556
175
1746
8296
-4156
-1320
3571
3303
2168
-1050
-3781
-4244
6342
-688
-3264
4449
4723
-1179
-4583
4420
-5387
5153
3071
-1416
-4730
-4
5790
6872
-3566
-8061
-2787
2879
4332
-3137
-1713
-2004
-4797
-4166
4541
3060
-3696
490
844
-2516
-5567
5933
-6323
5907
1943
1123
892
2330
255
-3239
-1017
1756
-9122
689
-2149
-667
3919
773
-6934
-3004
4103
5295
5637
-2400
-5711
851
-726
-3429
-3521
-2271
5155
1038
346
2809
4195
-3520
-764
-46
-3195
863
-6308
-2108
163
-3721
-7532
-4383
2977
8092
1043
-4728
-2249
1575
-2360
-7457
553
-3950
-3266
4551
-1724
-3470
79
5238
3410
-7137
5215
-1738
-3701
-3635
1485
7385
-5086
3965
3555
4367
2116
-151
2423
-5650
425
-5406
3940
-1242
-5725
-8188
4823
-4323
-206
2291
6172
-2245
2058
5636
-5515
7588
-135
-596
172
611
-2006
-4246
-6425
5488
-3025
-4417
-1523
2005
352
162
3125
-3541
-548
285
-1259
4550
5645
2904
5538
1766
116
-4729
-3764
1283
1126
-3420
-2921
-651
8780
-2894
6351
-1824
7291
-5153
385
-3669
-5253
-340
7091
-3372
379
-5087
-3042
1515
-683
-3390
1580
-4032
-5131
44
-334
-2119
-1723
3934
558
-4046
5987
2060
5246
5091
-5590
2415
-5117
-722
2195
3834
6802
1985
-12
144
-1970
4054
-2298
1796
6303
-914
-722
-4986
-1411
6333
4956
-1571
-2910
1093
1037
-2776
-7229
2591
-2850
4771
-3633
-616
1016
1776
-3098
2237
716
-7086
-2295
-5478
-5544
978
-75
106
-2169
-1492
-6455
-1256
-1407
-3057
5901
-1034
-1087
3253
-2306
-1529
5152
-5913
-3492
2013
-4878
-2592
-2174
-3201
2854
1634
-6459
5374
862
2282
-2020
-3990
-92
6108
1411
603
-3726
2744
1066
59
-3481
3842
-351
-2814
-252
9713
1360
7086
-2619
3470
-4598
-4960
412
2665
-2996
1907
4183
-1565
5932
7008
-9362
-7867
2507
-1480
-1898
-520
1120
1365
8538
2198
1248
2601
2314
-2845
5967
4315
469
3002
-2030
4008
4480
4317
3085
2492
3528
-6760
1285
-723
-742
-1377
5208
5460
-1945
2661
-3828
4123
796
5038
-2314
-1787
132
4567
-3525
5941
-4764
-1670
985
-6329
4083
-1682
-2592
6309
3209
5573
3191
-4809
-5024
1827
-1948
3479
2340
-1355
-7497
-948
1119
4062
-6146
4888
-252
-3272
-260
-3034
6561
-2454
-872
-351
-5458
-1190
838
-1424
3598
854
-443
1056
324
6184
-649
-6046
-4736
1121
-5312
-915
-2313
-5055
-1052
-3899
-2162
-3468
439
-7113
-3284
-1504
5916
3446
-6664
8829
1592
3295
-508
42
1659
2351
2023
5807
4298
5324
2583
5094
5200
-395
4903
3818
-1424
663
9553
3969
-4324
4930
-3781
266
808
188
3457
-5714
4845
3472
5963
6112
6249
-3550
9342
3470
-420
8314
2364
8371
1516
-3822
-3255
-8749
4369
2963
4396
2612
7097
-7214
2200
2162
3821
-6143
-5727
5459
-155
-1136
1729
8045
5162
2866
-49
7091
-4519
-1318
-6651
540
733
-213
7631
3741
1092
692
-433
3597
492
-5153
-5746
199
-2364
23
-117
-4029
-5484
1205
4
2307
-7567
984
-6709
3716
-4500
-2553
806
-539
1671
-435
773
2697
1252
89
830
-2885
-7089
5936
7807
1080
7202
-3920
-5015
9276
-2426
-3057
-3138
1838
-1107
-4707
1422
1004
3452
8619
-101
-4754
-5511
-6965
4038
916
-2797
-1332
870
1387
7269
2542
-5031
-6314
-3146
-1021
-1778
2645
-1870
-2521
-2906
2535
-5704
-1881
-2608
-3789
-1915
4441
6534
-8254
7788
-6163
-6689
-3419
765
-4549
-4847
-846
-5540
-4441
2899
-1946
-5081
465
3057
-1351
2804
-3109
-2429
-2765
-3089
-133
1092
2674
5182
-1880
-4266
5534
3224
6968
3349
-5270
323
-1289
-4714
1664
2959
515
-340
1868
5822
-189
-3882
-5856
332
-2821
-1899
-2799
644
-3256
-7388
3798
-2824
-5938
-2515
2388
-2383
1515
6144
-3747
5444
-8802
-126
149
-4060
5310
-2418
4441
-296
-5952
-6933
6755
-6325
993
-216
1103
-359
-3997
3108
4535
257
5607
102
1277
2559
887
-3219
4370
-1017
2877
-7119
4812
-4123
-4552
4116
-1802
-480
5705
-8045
-1141
-366
1869
-9120
1509
401
8676
3155
375
-1019
260
-8913
-4151
1526
551
-3201
-1380
6693
1161
-510
1319
6664
6774
200
7659
5657
-1959
4084
-925
5948
1966
164
-1137
1379
9800
-1391
3826
-1619
2429
-4512
-6593
-5516
-6732
-4955
6337
-5667
-1354
-540
4770
-6790
-4297
-3884
5927
-1960
7777
2362
1237
-4084
-2706
7785
-7028
106
-3838
-6032
-1604
3575
3660
1761
1400
0
1825
-3957
1642
-7719
-1653
-2009
1193
-1438
-3037
-5155
-1327
-4257
-4664
-2831
-9109
496
-9543
-6376
1992
-2214
1530
3228
87
-3124
366
-4877
-8595
4854
-730
5842
1928
-2360
-3569
-5925
6527
-1493
-1180
-7068
5615
4095
2570
-291
-726
-2076
878
3156
8906
1415
9383
-1757
-3632
2400
9069
8418
614
1142
6647
-4613
-8164
-6153
2449
-3637
3104
3683
-4180
-1155
-492
-706
-1995
2876
4797
815
2541
812
5520
3388
-6850
-5413
-7332
8179
-873
476
813
892
-1770
1367
-5251
-2214
-2925
-3482
-6368
-811
-980
-1170
-7376
514
-438
-392
2029
774
-777
831
3934
-1396
3943
-5089
-3645
-4235
2973
1967
-5128
8171
4257
4584
-8229
-5605
-2665
80
2687
1692
3720
274
742
-488
4801
-1249
-1816
513
-2775
5623
5534
-918
5793
-197
-1778
-2653
3849
8764
724
-1309
1167
-4195
-1789
-1227
-654
4821
5687
4040
4702
2565
4623
7742
-1347
-1587
-2893
3448
-4388
1633
-2522
-3936
8381
6148
-8529
349
-8962
2803
2855
-3076
-673
-871
-2427
5797
-1449
6610
-4616
7370
-1037
5448
-994
-9038
-1347
-3170
752
818
-6057
2693
-3325
-369
-2725
-7014
-1798
-449
2601
440
1285
708
8276
2836
3030
-2780
-2551
2763
-4154
715
-4052
4887
-916
1342
-2321
720
-1826
6292
-2491
884
1271
-4196
1663
-5130
-6609
-3307
-4391
-1685
-1948
3356
-546
7759
-3581
-3708
829
2912
3941
-1883
-4716
-3576
-5510
-2921
4176
1146
2006
-1926
62
4898
-363
1163
-412
2733
-3626
7582
-6119
6705
1200
3268
6436
3131
4721
-139
8511
-2641
-1679
3233
2016
-3963
784
-502
-97
-3130
2449
-1478
4056
-4106
-3153
4949
685
2237
-161
6709
3213
387
6256
1036
2669
-47
4046
-2013
5575
2939
-4093
1450
-657
-1498
-1566
-2333
-4842
5220
-1246
1245
8375
860
-1330
-1323
-3592
-360
-3698
-652
-5883
-3004
-4775
-5938
6703
-8149
1113
1049
95
6373
-4123
-516
-1154
3248
-696
504
1519
442
-1795
-4278
-6425
-6532
3047
3243
-2227
-4850
2097
1175
2053
2890
3065
-1346
4929
3433
2242
-5646
-1622
-4865
1140
2501
8232
-2278
636
-3609
2070
-434
2608
-592
4609
-7560
-921
3535
587
3789
-1143
5371
5166
-3502
1676
-349
-8188
-3847
-168
251
-2310
-4195
-2666
-1280
6557
-1755
6533
277
-852
-4240
2270
7342
1068
7401
3513
-9456
-1817
3752
2500
-2763
-485
-808
1381
-2484
7623
1664
-3650
7736
-3496
-64
-700
1522
-3027
-1629
-3053
-1710
-437
-808
-2514
-739
4914
2242
-5277
970
1659
2259
-285
6295
1815
3636
-84
2961
-6320
-7317
-4187
-441
2217
7403
-4932
9063
-3052
-5252
-5840
-152
-2655
-4612
7526
-5800
5716
-4019
-5804
-5667
-2398
-1072
-8059
5907
-337
-349
8910
-957
-4928
1350
2770
-3162
6400
-2729
-2651
1381
-3984
474
6773
7267
3967
1096
-2887
2614
-6622
1114
5516
7581
3335
6620
-3143
377
-720
-2426
7870
785
902
-4918
-1208
1171
-2476
6152
2508
5004
998
5964
1183
2867
-3909
-2365
411
5979
8381
-513
849
-2798
-358
-193
-2637
-436
740
-883
-4335
2276
2020
-60
-3547
4238
1195
4061
-2942
-4937
-1257
-2701
575
3591
-9208
1768
2512
3901
-488
-4356
-5073
-1169
1009
430
-1933
993
708
-4277
-488
1287
6254
1481
814
4913
-2109
-2219
-8363
-5101
-3637
2095
1401
3102
-1702
4050
-1583
-1270
-897
-2307
-3469
4363
-6649
1258
-733
-542
2671
4433
1460
1373
1146
-6876
8408
-6123
-1806
1718
-7499
3171
-1037
2857
-2631
1399
2225
-5307
-481
7667
-4239
-4338
-2521
6555
-747
-3254
-1565
4137
4676
1235
2374
1491
4189
2004
3725
5722
5526
-3736
497
-1530
-5118
-2162
920
1933
-2691
6925
7591
2374
-5396
7363
-895
1145
701
1394
-794
3200
-5441
-8066
3419
3106
559
2334
3197
-1436
-3617
3648
-2443
1425
-1582
-600
2224
6199
-5362
-2152
6268
-3920
4996
-8256
-3751
6453
9318
-4389
-2144
-4082
2688
503
-4956
4796
-1655
6266
-3321
1152
-1931
-8689
679
-5691
73
-123
-4350
5862
4394
-3205
34
-1805
5783
-247
-1261
496
4097
-930
-2709
2272
-7813
-5053
3466
-5633
1293
2246
-3563
-2524
3929
-7251
3410
-1841
-5723
4926
3765
-7641
-3923
1196
701
6419
-1978
-7299
372
5593
-3364
1566
-1472
64
-3320
661
4658
-1538
-966
877
3631
-1123
6086
-4118
-5168
-2626
-5369
4391
-1194
-5991
-3747
-66
1401
-3652
5220
-1886
5405
477
3873
1381
-316
-477
-4482
1291
-4169
-333
4818
-1724
2299
3657
-4323
-1091
6047
1830
-3362
-9332
1673
621
-6227
-5799
-1935
8585
1068
3095
2533
-94
-1681
1138
-7544
-4580
-3482
-2912
4416
1121
750
-3064
844
-5813
-9422
3672
4158
6488
-2064
4552
-1593
-4392
2520
-4138
8406
3352
4675
-4815
-3620
1770
5792
1165
6106
6670
-3806
777
4550
-1370
527
4083
1011
1518
652
-3489
3760
-1493
6033
8607
4180
-4409
-8367
3312
-1591
-7405
-6700
722
-3524
1698
656
352
-1053
3447
-2504
905
1064
269
-333
-2463
4383
7488
470
-3377
-4083
1847
-6458
-1978
4777
-2489
3252
4839
6312
-404
2587
700
3747
5173
-1452
4507
-2671
-8208
-4963
2709
962
-6502
3248
-931
-3647
4337
-442
1928
-5350
9381
918
-1034
5578
3240
-2257
-523
-5911
-3920
4306
-5873
4496
-2865
6620
2221
2116
-4275
-2162
6472
2409
-231
1139
5264
-2380
1806
121
2417
920
-7493
-3313
-5545
-1955
1688
-3559
5369
-3561
-3168
-8424
-1116
-8109
-901
1265
8225
2680
6843
-450
3383
1212
-3366
737
-4123
3162
-8240
2282
-8975
4116
8255
5183
-2293
-6292
-1588
1874
-4372
-2734
1794
1609
90
-5054
-6246
3359
4252
8379
1448
-3801
-1105
4809
-2646
7199
-306
-1269
282
6816
1980
1034
3896
1785
-6999
-4355
-7273
5507
1696
-6337
-4315
-4061
5955
-4994
7082
992
-2612
-2456
-4860
1413
-6413
3748
8012
1178
-2108
4827
-2703
-4613
-3337
-7634
-947
-4354
4037
-2531
2313
2970
4198
7403
5104
-1840
1142
-269
-2042
-295
5943
-6039
-5068
-837
1520
678
2121
-5941
4897
-1806
-6327
-1726
-3024
-3319
5308
-67
-203
-186
-4670
-3202
1307
-6086
3142
-843
7624
-5415
5270
216
2802
857
-1135
3988
-3899
-3174
-7271
687
-3257
794
-4168
-383
-3809
-8088
3315
-444
-2097
-5686
19
-3341
4603
-1229
-8506
-160
-6952
1813
2518
3666
-3712
2386
-6893
-1257
3436
-4014
2037
-388
-3066
6297
-2143
140
-2684
4337
7404
6406
-4524
5095
-8181
-2906
2432
1674
62
-8614
6591
-3070
-71
-5654
-1482
-7389
-3430
-184
-6804
6002
-1503
810
-201
-5937
1109
-2605
-1049
5069
7697
2089
-2504
-2248
-2029
2749
-9240
-2057
4068
2960
2320
2706
4070
-69
1267
-8012
3019
-119
-3027
-2246
1435
930
1357
628
1326
3491
-1349
-5966
-288
-1841
2662
-4163
-369
1105
-8458
-2515
-1334
6964
51
647
-5054
-777
-674
1353
676
-1882
4138
1641
-6855
-3980
-2327
-1312
3242
326
3780
1459
1474
-6147
6749
4844
-8520
2723
-1427
1297
1044
1759
3710
-19
620
7372
1357
-6596
-666
-2047
-4795
1562
-1486
1765
715
3582
2690
2330
-126
-3142
-1873
1326
3471
3691
-1175
-1031
851
-4561
44
1908
-2809
-5856
-682
-1380
-1740
1685
-5033
-7707
2685
-3591
2118
1220
1718
-2721
-3786
-3307
-3498
5508
-5962
-1615
2836
3707
2220
-2751
3438
2519
3261
5907
-2285
4763
-960
-3466
9025
7073
-8165
-3741
-553
-958
2841
48
2043
-142
-1823
1097
621
2447
2412
-1278
7010
-4886
-429
3752
5815
683
1657
1417
-3311
3138
4665
1738
-5902
1762
2098
-2579
4583
2780
-4021
-753
1532
-1502
-4627
-1043
-2561
3946
2397
-349
3674
1013
-4262
3673
7746
95
1671
8003
-1931
-769
2568
-2853
-3768
744
2920
-6467
-3242
5381
2851
5391
-5627
-6040
-868
2153
-1229
-3501
3696
-2659
-3119
-1133
-341
-1045
-7368
-3077
-5172
-2634
4216
-1852
-7278
707
-1143
796
1087
-2237
5075
531
7910
-1638
2453
-5434
-5066
-8738
8902
3307
-1323
-451
-4579
-511
-1055
3518
-1623
-5180
4846
1076
-746
-5880
-1688
-4380
1930
6965
-4893
1435
-2565
-3177
-6653
-3416
-3774
-2304
-485
-6705
-2058
-1737
1978
5856
-1323
-6482
1997
-3998
-4257
-6087
-7751
5812
-66
1996
2842
-1912
-4702
-3449
4823
-5742
-3606
-5757
1208
-241
3062
-1244
-4519
-3070
2692
-2568
-2379
-4598
-19
5415
-2384
-8
4207
-2711
-3525
-3913
3990
-3781
-5256
2541
-439
592
-1472
2059
-7478
-1839
2996
-902
3117
7679
3407
-4753
-5003
-1957
-6380
2120
-2519
-5063
2109
1756
5328
4969
-4519
4491
6000
-2687
-508
-5629
4424
2848
-2438
-7976
5265
805
-3213
5061
-7317
2896
1462
-4038
-2392
-5034
4089
-2531
2495
-3872
3899
5477
3601
-4595
2861
-577
743
5870
-794
174
-5436
-3714
-1566
-4575
1302
250
-8165
2584
5054
-7173
2503
9163
7539
-5300
-1146
669
5371
3800
-4365
-4002
-5184
4456
-7550
321
4061
-5969
-238
5476
2982
-2936
-7577
-2139
406
-3095
681
3821
8881
4867
-1304
2540
-3065
-3144
559
6435
-1151
-2482
-6194
-960
1918
1877
430
402
1216
-5526
5405
-30
1866
6012
2694
-3015
-1199
-2506
-1233
-1629
4034
1863
-6382
4126
1418
3145
-721
213
-1083
3086
-4163
8948
-1630
5296
-5052
6895
2754
-3110
854
252
955
-2375
-1103
-2254
26
-3459
1538
1020
-5039
6107
1868
-7475
-4044
-6143
4625
-9087
3172
1530
4716
-6078
-992
1713
3220
-1228
-2141
1981
916
53
3389
-3462
-708
-4882
-6711
5354
-939
-3031
1548
815
-3820
4651
-1781
1849
5360
1145
-3320
5582
1088
-1248
8401
-3533
6139
1988
-4786
2932
7591
-2022
-925
1516
342
-5662
-671
-1487
-1874
4572
-2523
-890
-7972
960
-559
4028
6500
-5051
5332
3664
2876
5049
6713
-268
389
-7789
-8638
4401
-5318
2733
5545
-3062
3831
-1364
3774
-2152
1857
5567
6081
512
-262
-1818
2776
335
3930
3037
-3288
1376
2382
-1015
-6941
-9502
-1950
5058
6563
-996
-92
-4137
6312
1778
1478
-5526
-1993
-6073
6826
2816
3717
-5079
4096
-439
-843
231
-3488
5518
-1556
474
902
-3477
6368
8055
3710
-6172
-1844
1296
4512
-8007
-3262
6092
7032
4278
-2488
-4957
-2342
-4465
608
4094
1457
2589
659
6679
5690
2142
4060
-4636
830
6153
3738
-9025
-925
-5263
1418
-742
365
6548
-2618
5003
-4103
-3326
7747
3693
-859
2027
-783
641
4357
-5767
1358
-2366
2606
24
6359
7071
-4727
-873
6301
-6395
5075
-344
-2081
3282
4582
1000
4868
183
2230
4216
7495
565
-4163
-80
96
-5500
3619
3676
5686
5017
2706
-1110
-1738
4743
5158
-2807
2575
40
-8522
-3660
1386
2652
1631
5597
241
-1160
3557
-1369
-271
6024
9188
3902
-4747
-3072
-2035
2553
4295
1211
-2152
3800
1176
-5382
3840
-2174
-670
-4384
-6006
6165
1064
-468
-7063
-401
4824
200
2879
3546
-37
-906
2132
951
-994
1977
1122
2677
-2587
-6966
-4087
5393
849
-3482
-789
-3032
-54
-4112
-1111
9361
2569
447
-6002
-990
3584
9491
-1716
-5275
2122
3942
1204
-6926
-3656
-4510
6439
-8718
5708
-6763
7917
-2389
733
-2167
-6684
-740
268
3119
5092
-2250
-3748
5272
8988
1816
-4014
-566
51
7800
1893
3864
6150
-2463
-1211
1575
-1014
3752
-1359
-526
2613
-7058
-7158
4999
9451
-4226
1972
266
-6196
4974
3058
-6291
2872
716
-5646
-785
-4731
3511
-2411
2770
7039
-5396
-2251
-3404
-4831
3858
330
795
-1390
-4851
-3889
2489
6785
-748
3417
2458
-4389
-5764
7885
-718
1012
3356
-271
983
-65
436
-1492
4163
-1135
2767
-4612
651
-158
-8507
-7090
-8370
3974
-493
2256
-704
-7543
-3165
-1986
-4018
5088
-6468
440
-9191
-3722
69
5232
3824
8572
5226
788
-2364
3663
1481
-7028
-3437
908
7902
-2612
-6727
3343
537
-867
2915
1197
304
74
4774
2912
-1618
3605
1399
3655
-897
-3081
-4751
1334
342
771
2837
116
1404
-3259
-3638
1440
8422
2006
2858
-7467
-2761
1598
830
-7574
3806
-1823
-5606
-4529
2069
-709
-5076
2357
-641
2144
184
-1381
-714
-4138
974
665
2125
1258
5268
-721
2711
-1902
-141
-9352
5828
-135
-506
4870
-904
-3974
-6482
-8027
3371
1799
14
5430
622
5414
-2559
-6826
-663
-7112
3782
6113
7399
276
3175
4151
-7511
-6547
61
-308
-33
5366
821
8670
-1730
-9192
2916
-946
1796
-1321
1533
-3132
1302
1756
3718
9706
1786
3953
22
7747
-2114
-4905
-6360
2270
6764
3171
-2948
1674
-1496
-5887
-3837
-5012
-6008
-947
1943
2889
318
-908
-429
-3783
3658
-2434
5070
1993
-332
-193
-548
-3070
1378
416
-9640
-1543
-5424
-1978
-8798
3222
702
-2448
-2203
3120
7241
-4
2517
-1199
5607
-333
5922
687
6542
-1023
5901
-2509
3001
694
4323
2230
542
-2290
-8837
-4262
-4780
308
6151
-2312
-1023
928
7914
5102
-7468
6429
608
-1630
-4232
7858
8070
4761
-4368
7715
-4550
-553
1514
4719
-1645
-5990
-1853
-3930
-511
-7538
-4008
-2778
2794
-5239
-868
-861
-4909
-2176
661
3070
-4781
-5957
-4426
2808
678
-2694
-8842
4459
1767
-3496
-5114
3705
3225
6553
-197
576
3375
-3093
7415
1704
763
-2427
-1910
101
-1708
2632
-1065
2417
-5125
1246
-803
3706
-5434
-3822
-6851
-302
-6796
-188
481
6556
2553
-2338
4192
-1853
-8058
-613
-4022
806
-2591
-2687
-873
5603
-1661
2446
-1095
-1895
1602
7984
448
5648
3199
337
4156
2095
-2601
-2360
-1423
107
3380
-4229
807
907
-628
1866
4368
1545
4296
5331
-5387
9667
-3098
-3637
1602
5773
-7587
-8038
508
2993
-3331
-550
-508
4341
-2243
-2520
5107
-2507
-4838
4561
-4821
-2959
-3598
-4934
-796
-5731
1172
2751
-3764
4410
-7018
1770
274
-8583
8297
-4811
3162
225
-6818
1006
-5031
-3480
-2562
-4338
1888
4004
6245
5058
1621
-842
-699
3074
6275
3511
-2534
-2422
2746
3401
-3103
3949
614
-2751
696
-3916
7534
-9688
8042
4923
2124
-3036
839
4458
4357
445
-2145
-4747
-6545
145
6358
5455
3270
-3651
1262
-687
-4814
2522
-8234
-6807
-1499
-4940
5492
-907
-1676
568
132
5657
-9037
-9387
2580
-3301
-3189
3999
5581
7204
746
-3472
1864
6857
13
-1730
-4209
1052
-379
-1677
-7511
-591
-4771
-2918
4497
-8209
3540
6005
5903
1814
187
-5123
3986
-2126
-4870
-3425
-1642
-8352
-4457
-663
-2398
4125
-3797
-3476
3413
-894
-2615
-6111
2241
4232
248
4338
4430
-504
-271
200
856
3255
4933
2992
7075
-4252
-2978
683
4954
114
4608
2458
1821
906
-3360
987
7098
103
2800
2193
6445
632
1389
2509
3402
7380
4718
-6348
-1474
-4293
2004
-5116
6037
-2532
-250
2781
-2047
4526
-350
-1507
-4269
-237
3964
2517
-586
5602
-1578
-3043
-5737
23
2606
5291
4906
69
-2155
-363
6968
2875
2604
5522
6227
4173
5373
4142
5237
-5685
-4937
2128
-2518
1781
-1109
-1183
-988
4202
-2229
1012
-2418
-3128
-790
5253
-705
-1234
-2308
-2424
2740
-3951
2574
782
637
3103
3474
-792
-1025
1029
3159
979
3649
3676
-2060
-2209
4608
1145
5564
2161
7493
814
597
2201
2771
-4152
7323
-6116
2387
1215
130
806
-6106
-2793
1398
-8548
2104
445
-3100
-6036
8216
2407
-1320
-1594
-3531
-4565
-4546
-3472
-1723
-3748
492
9032
3868
-3017
-2985
341
1426
3662
1083
859
3734
2255
1986
-3260
2314
2172
135
-2846
-939
7285
2451
9051
5396
-5560
-4742
-570
-1106
9475
4673
5098
-2567
735
4494
-59
833
90
1593
-310
-8
1446
-1191
4184
3534
-3234
5334
-2866
1943
-420
4606
-6604
-792
-3995
-301
3726
-8040
-6740
6213
-2942
-3882
5678
2668
257
1023
-1775
8389
5393
1084
7519
-1098
4506
-5084
335
-1178
1867
-8020
-368
2243
3747
-3272
-1937
632
5685
236
-1011
-1787
-2753
-647
-5000
-5136
-5702
3336
3927
-3491
-1237
-2011
-7642
-7000
-4103
7315
-3348
3513
-955
2641
1460
-557
1916
-732
5736
-5215
-1663
613
-3747
-5968
-470
-156
-1382
-2437
-1129
-978
-4205
-5467
-5841
-4258
4106
3267
7376
7281
-3236
-855
1960
-7777
-5127
-4
7568
-387
5956
-1009
2339
5594
-40
-4972
-7339
7545
2783
627
439
5725
-2723
-2680
-2143
2410
1774
-1459
-353
-1465
-3902
12
2851
7840
-4924
-2355
4092
8501
-435
-7080
4331
2278
4953
5786
1144
-8847
-2812
-4958
-1523
-8531
6286
-3762
-6081
-4425
-2654
-2945
3461
962
-928
205
3770
-3092
-218
3815
-8052
-1386
928
-679
-7203
-1153
-1892
-3142
-6408
-2920
-414
-1851
-3661
-3861
2303
6900
-2456
-3671
5395
-3315
-4522
-2910
1211
-3663
-5057
6127
-6177
2848
-462
-3943
-4954
1745
1423
-1454
-2047
-5007
-1414
-4047
-2112
-3622
-391
-9533
987
4401
5931
748
186
2670
1618
-3929
-1256
7787
623
7964
1252
4737
1559
-654
2158
-211
-44
1175
1769
-9127
-1965
6584
-218
-4520
1966
2518
6287
-3950
-3361
-1118
289
2862
-2071
-4824
-4279
-5576
2457
-5359
-5038
5365
4864
5892
-147
1826
2568
2067
209
-5650
-1965
-2539
-163
-1731
-1458
1671
50
1605
3444
1235
687
447
-1059
-1230
8624
-8148
339
-382
3791
-5769
1820
-4018
-7313
5240
-6293
8571
-602
-2827
7227
-4266
-5888
-152
-3221
108
-871
1004
-300
2754
-7612
4186
3528
4799
-1529
4137
772
6578
-2874
-309
1170
4269
-723
-5839
-8536
-5957
548
-6768
2660
-6304
-7733
349
-5205
-8206
-4
-393
-801
-5688
-468
6148
8269
-1222
430
-5956
-7272
5907
7023
1691
-3610
-1250
-3074
4700
8430
-675
-2935
-3714
3147
2766
7179
5162
-2768
8960
846
923
-5472
1689
3996
6946
-1698
5268
925
771
1006
-1313
-2192
2000
1549
7254
3724
-2321
53
1732
9160
5199
126
4980
2035
2675
-1372
-3902
1212
6848
2929
2062
7516
-1533
-4315
-3132
2246
5185
7094
-1828
3193
1944
4669
1428
-1844
-1127
500
-8466
-4043
6672
6019
1968
-5042
-493
-5732
1430
-929
-4601
-337
-2015
-8719
4113
5260
695
4660
2552
-2477
-1225
876
-2356
-1415
-1782
6218
-3264
6016
-4054
5106
-4516
88
1444
1107
3239
-1455
-4094
-4546
-4054
-1140
-1128
3056
6528
-1991
2369
-3981
2776
-267
2555
4660
-7254
-699
-1145
6021
-2356
-4219
602
-117
2219
-8197
1185
2290
2654
822
-323
-3446
1953
1889
-11
1780
2837
1913
-2502
-1127
-1868
5427
3199
4059
-1343
1855
5337
-99
-1379
277
-1447
3811
-1495
1692
520
4072
-4538
-1210
-3908
3342
1202
-6791
-1068
-316
7381
310
663
-4930
-1501
1434
-2493
1403
2281
3673
4419
-5968
7577
-2865
-3264
2763
-255
-293
-686
383
-6453
-675
3168
-1334
3537
3734
-389
1895
1949
-2242
1900
-2124
4096
-1936
-5627
-3545
1252
-4570
-910
-4468
1048
-5496
-26
4572
5356
1079
-5552
5632
5692
-3150
2585
1867
-3909
1686
3738
3548
3511
-6608
688
1580
5715
4975
-8721
-1484
-3333
-590
-2435
7070
-583
1910
2447
6139
-3501
-320
-6191
4312
-2184
9197
6168
888
-3970
965
-191
-5604
-542
-8214
7428
-1398
2458
4523
-1733
-3968
-6679
-4631
-236
-1015
-337
-1393
-3315
-1953
1315
-1120
7770
-1891
708
956
-130
1884
774
-3006
-409
916
328
1307
2434
4104
6966
2630
-567
3710
-2554
3885
1296
-1117
5587
-553
49
-3334
7658
-90
-1824
519
5264
4349
5254
-3674
5743
93
-7899
5922
52
-20
2413
8097
-1840
-2864
1904
-2879
1937
-2773
-5053
-1245
5545
8235
8718
3766
3333
-2282
4831
-1057
-4781
-2422
-1515
5617
-414
6326
5098
-4329
3676
-1154
-5550
-4943
1471
-6337
2329
4815
-907
-2291
-337
-417
-2310
-1415
-833
3620
3829
-5669
-521
4313
7379
689
6805
-6802
-3083
-4130
-5943
4476
2601
2817
-2507
1027
6576
-1026
861
-2076
850
-6450
-2965
3452
2699
2284
-2841
7623
-2452
9711
7288
-1812
-637
8932
-7475
4156
-1453
8869
-1334
-3187
-2677
-957
1337
-1773
2631
1831
-7363
7276
-3487
2235
-4722
3154
-5990
5149
-5776
-3608
-1452
118
-4165
7370
-5172
-6386
-5496
2340
-779
-1207
6800
-3069
-2344
-7236
3108
-2828
1007
1354
-3229
-1995
-2007
-8626
-9275
9303
5559
386
1648
-620
-3228
3966
1594
-3984
6210
469
-2862
4961
2853
3301
-3988
-4038
473
674
1251
6268
5525
2882
2830
1658
-7461
-2939
-3197
4942
-2991
-544
1951
1989
-4217
5187
3915
5237
4955
-4488
6838
4708
5256
2597
2511
-3474
4942
1779
7006
-1067
187
1333
-5178
-4198
-7023
-268
523
-2347
-3509
423
7880
170
-1999
4084
-3488
218
-743
-1607
6025
-645
4380
-4707
7654
-5149
5255
5758
3402
-1800
4415
2058
-7318
1139
5436
-2474
-3542
-837
830
-6179
-1116
2539
-2569
5697
-3554
4821
-714
-6735
-5397
-1128
-1951
1763
1925
368
867
-1183
1736
8827
-4222
-790
1255
-3886
4593
-2855
-1765
2463
3289
-3987
5105
-13
-93
5657
609
3701
-69
7141
-1053
31
-814
-4991
6417
2834
-5770
7055
-4444
-3090
238
1592
6778
-980
6397
-7790
7515
6402
-1205
46
-1139
-7216
817
3550
-292
1904
1026
5748
8393
8520
-1440
-987
1828
6930
6023
7321
2153
6987
-128
-3973
867
-2389
8311
-874
-9524
-2188
-3321
-5984
-6372
-4804
345
3771
-246
-8011
-4911
6895
-786
-1452
5007
4602
4931
-5620
-2111
5569
-8466
6653
-1886
-1790
2004
-3787
-2957
437
-8197
1107
906
6926
527
7585
6197
3888
-8961
-1371
-7441
1326
-3889
-42
-6823
2808
2566
3552
2672
2726
-7083
-1337
-7512
1070
-5489
329
3781
-4316
6165
5397
-2185
2041
2309
6028
3846
501
-5375
724
4520
1082
1193
2834
-1241
-4279
3126
-3424
2151
-1956
-1290
550
-5158
628
-4950
-1248
-3072
-229
7204
-905
1344
-2249
-5168
-581
-5744
2598
-3672
1009
-7051
-4642
466
-390
1219
4856
5537
3944
2265
-38
-4005
1724
-921
-637
-3407
3172
2335
-1183
4021
2030
-4221
-4069
-3941
4082
-876
-7582
-1799
3164
8439
3867
-2191
4681
-5964
7005
-4257
-3375
-4136
4467
5514
-1909
-3601
7058
-88
-4715
1034
-6480
-4843
-4948
-4029
7799
2530
-4119
3611
3808
-2479
6423
-4558
-2306
6467
1513
2434
-2396
693
-4322
-7072
950
-1846
4155
-1974
-826
-7430
1409
-5520
16
75
-2856
-4914
-2724
3349
-176
-3428
-1916
-6733
7685
-5006
-2340
-1967
7251
-1385
1586
-176
-650
-1690
-4432
-1070
2633
-4555
-7300
-4606
4580
7274
-1765
-1848
29
-173
1844
1676
7181
-1696
-2613
116
1120
4959
178
-1069
4827
-5501
1744
-5956
-2302
-3033
2102
-1530
1558
-1863
-484
-3538
-5823
7406
-2236
-4844
285
3178
907
-6297
86
5762
-4450
-87
5281
-2242
612
-5599
2572
1951
-5412
2217
-5311
-3304
318
1996
-1102
-1184
-2750
2597
3020
-6013
1207
-2763
-1055
-5366
1649
5138
3650
-4689
6448
669
-2288
5606
4141
-19
1325
-9479
-6293
5150
-2187
-1632
1824
-4181
4654
6156
-2359
-1662
1983
2483
5038
2402
-1383
-2070
2397
-4803
5569
2946
-136
3034
7060
3241
-5884
496
-960
-7323
627
-2926
-4804
-6339
3432
1309
478
-4969
-7607
2433
-7895
-2552
-2031
-488
-1915
-3711
-6527
-1919
3234
-7965
-5155
4289
-7318
8164
-2085
-3460
2897
6538
-6831
-5372
201
297
-1987
-3613
-3222
4249
-3458
1822
-5803
2760
-3196
4754
-5576
5144
-4439
1964
-1660
-1447
563
-172
-8248
-1626
309
-1540
-1085
-3891
1310
3351
3545
4774
-7135
-5487
-2670
1786
-691
3116
5954
9356
-202
5634
-7396
-7625
5563
-4522
-1004
-6188
-5326
-7859
3877
-2403
4316
7839
9055
-984
545
-8348
2904
-7400
5559
1161
1385
7518
2460
1593
-3441
464
7522
2458
2605
6051
-44
-8307
-668
4698
-823
7299
3201
-1976
-433
6487
-4169
1740
2741
2310
25
-3968
-2686
-2187
3280
3458
6168
-2333
-1199
-5659
-8787
7316
-5979
-349
5659
-394
-3385
1405
-6225
-1058
-1986
547
-1843
2914
-5577
2352
4496
1447
-4666
-698
3843
3435
-454
-8509
2371
887
-1325
-5496
-1355
564
8175
4813
8383
3125
-4151
2669
-3271
-243
-2133
2487
-1990
6328
-7718
-9256
-6992
-4982
45
-8638
3721
3467
-6481
-1396
-4367
-8591
2500
-2535
-2525
4820
-2275
1557
-1503
-2452
-8109
-1495
-6773
466
-1825
-7164
3739
-1895
-3756
6370
-577
2794
5769
6108
4239
-3695
7450
-373
-8502
-1008
-8480
7968
-3884
-3571
3769
-3976
-5616
3556
-942
-9562
1234
6313
2330
-5013
5003
786
-2868
3475
-301
-154
1627
122
-5232
-2714
-7892
-2539
-7643
-529
4020
1718
2085
4468
468
5711
-6698
-1310
-1762
-763
-5145
1042
1311
-3033
2362
4555
1877
3828
2967
5529
-1146
-2097
-2387
174
3901
815
804
-1249
-5068
-4379
-2128
-2788
7138
2203
-259
6339
1496
155
-4803
-1614
788
-824
647
1222
3115
-3036
-2611
-32
2913
4600
6379
-3860
-527
-558
492
4286
2947
5518
-5710
6133
-2126
1411
1290
2223
-5812
5654
-1276
1051
-4262
-380
-189
-4287
6302
7912
3516
-1957
3102
-3749
1824
250
-2178
-3127
4496
-5936
5121
1414
1342
-2623
-1350
1302
1983
8378
-5434
-4350
3119
7198
2552
6641
-6710
5049
-5674
2427
-4851
867
-337
-2488
-4778
-4553
-93
646
1173
3093
-1013
217
-3425
-9252
1932
-2864
-6828
4642
891
5237
641
4431
-1358
-843
3866
4834
-388
-266
7697
-5220
-1607
-3105
-778
4042
5755
49
-2479
7383
2162
-4029
946
-3805
-1211
-5798
1876
-2364
-3962
-69
-1011
1276
-447
-5606
-2979
-6764
3733
2754
4040
7825
2752
-497
-3795
-3314
-928
1346
36
-4566
-541
-2408
-7828
-2205
-1502
8046
6649
-2750
-388
-1602
9655
6174
3573
3118
1800
-7525
-5480
-4159
-2118
-6259
-6526
7261
-5851
-1132
-646
520
3071
-2784
7495
4099
5597
5238
5658
-7787
932
628
7550
2690
-6209
3954
3839
2377
-829
7806
669
18
-5385
3435
-4327
-3348
-20
-5112
1496
-6502
-5300
657
6802
-2647
2551
2813
4796
3476
-6083
-6349
-764
5980
5559
-173
-2050
-4274
-2122
-5999
3853
-4292
-320
-6021
3457
3951
441
-651
2896
3894
76
5625
1432
2286
-3799
-4113
2477
4574
-1096
-77
2107
-2205
-7000
866
-4924
965
-2188
-663
-1669
2971
4420
-4911
2035
-2038
441
-3863
-1926
-1764
-7716
-4587
-3929
4639
-5076
-5104
-3084
-5555
-839
-2745
-6237
6752
-3613
4991
561
-4622
-9143
7080
-1941
-762
-554
3105
7327
247
-1076
4910
771
-1293
712
5728
649
-3804
3155
-3176
5083
5957
1285
1648
1580
795
-5914
-2545
-1956
-1540
-741
4463
1291
4543
5493
2487
3069
2869
2223
5076
3568
-6625
-3102
1162
-7559
-2483
-249
-5808
7316
1149
6060
-1223
-187
4919
-4085
4823
-943
2155
1485
-818
2700
4264
1779
4783
5430
-6386
4918
7282
4988
3928
-2104
-806
-4311
-1826
3848
1539
-570
3961
-3185
2979
4209
6417
-5993
-3534
143
-1407
-4427
-6631
2980
-652
-8135
5132
-4884
-1262
-1798
2399
-5891
909
-2861
1663
-1299
-5515
-1773
-595
2322
466
-4716
-6265
4119
7608
1161
3533
-2541
5318
2
-4914
-4042
-5948
-2985
6232
-3019
3193
5734
-2000
2674
6451
2788
3753
-1536
-5252
162
5822
-912
-3387
4971
-345
2100
-3930
-3286
-4551
8890
-1972
2050
7299
3201
1175
-2943
-167
-2861
8365
-2999
2354
-5306
-5489
-6399
481
2756
-8027
-207
-4708
-375
3452
1998
-43
1033
2380
-113
3887
-6345
806
3645
-5627
-3871
-5206
-1264
-4277
-2434
-2693
-1824
-4097
-6431
-1398
2287
683
-248
4121
-4029
5272
2746
-126
3476
3461
-1273
5341
653
4261
-581
3855
4733
-3951
5623
495
1584
-1796
-1783
-2526
-9520
249
-3313
7035
-3632
-1509
5132
1835
-368
164
5785
2844
-6644
5067
27
4726
-1906
4705
-3099
-1263
4136
-1069
-871
3112
1266
85
-3368
957
-3961
4637
-2464
-4361
-3462
-7677
-3303
3677
-5358
2792
1710
-4867
5793
-258
-3571
-8500
-3740
2562
1981
1097
-2094
-4530
-4720
1958
452
-5838
-4954
2219
1245
-59
5318
-1987
-7480
-8634
6470
-1141
-3831
-6610
3729
556
-3996
-5999
3186
5566
-2471
-1638
5316
910
-4807
451
-4009
3559
-2831
2202
4998
3325
-2388
148
-7948
3246
6426
-439
313
7482
6532
6088
7402
-3294
-1372
4897
-6085
992
-6536
-2686
-557
204
1596
4969
-3922
-8106
661
1429
-560
-3317
141
-8656
-2813
1158
3623
7087
5030
-1736
-1431
2892
-9750
5186
3584
6498
-7286
-1251
-6823
8287
3390
-1696
27
-2074
363
-3881
-5247
-1490
2348
5272
3174
-1807
-289
-4963
1080
-657
-7020
-6220
-3509
5171
8863
9343
-569
3878
3762
6944
-816
290
4790
-5443
-930
-4994
-1714
-4187
-1297
1033
5829
381
-6243
-2073
7759
1865
-6761
-6561
-5813
-6807
-5757
2644
3510
-493
4226
4598
-1566
-1446
768
-3535
-518
-1424
-1161
5162
6011
3703
5567
6500
-5266
-3161
2499
1830
5725
58
5368
2170
5944
2492
1363
-141
-9751
-4279
3888
-2307
-91
6662
-5165
5563
-1375
-2033
-5660
4598
-3960
-4096
-1941
8807
-1239
-4245
-8074
-5785
-1132
-5297
-5578
5510
-67
2224
6341
180
536
7975
-1946
152
-4718
-2810
-5725
934
3311
3565
6326
8260
4320
-348
-8096
-7777
2073
4747
2349
-1080
5422
285
7404
-406
6820
2726
-2518
-2728
-1665
3946
3436
905
5168
-866
3821
7010
-3332
2172
-342
8814
4849
8536
-3294
2884
401
5679
-4782
3283
-3788
925
-2781
-6802
-1621
6862
1258
-5916
-5276
-5774
4685
2309
815
2296
3409
-6711
3472
-3212
-830
-6868
-8210
-4763
4298
-2224
5653
-105
-6016
-367
1750
-1881
6040
1726
-2911
260
-1825
-664
12
-4943
-7253
-870
-1286
2524
-961
-4183
-2745
-5656
3020
6278
-920
1759
-5389
1209
-1970
955
2451
4267
6859
-4036
6166
-1301
-6747
-957
6129
1497
3337
-1429
726
5028
2705
-5560
1129
-3823
-5081
941
-6447
2991
-2461
-2840
-976
-1184
-4373
-5135
-9351
3940
-7228
-6104
-1624
4731
-401
5061
1263
280
-211
520
-2760
6541
3590
1679
380
-2030
-1159
-5418
5662
-3329
-524
2799
1233
-973
1549
-2184
8182
-149
-3255
6928
7794
4019
3398
-1369
6330
-4385
5005
5508
-2721
4570
6242
4620
1132
802
-3519
5404
2644
-4141
803
5052
-4398
2056
-1485
1414
-4912
-881
-832
3380
-2752
-1675
-3934
8769
-3446
4140
7291
-270
571
-6637
-5789
5623
2225
1763
-2504
3415
-437
8227
642
5565
3025
-3612
973
5423
208
3779
-1830
111
8126
8464
277
923
2984
3186
-2776
1207
-2564
-3000
1834
1763
5357
-5579
-1652
-6271
4107
-7942
-1566
-1027
4291
2760
4705
-2016
7033
-2747
1735
5261
-1261
3283
4574
2207
3354
-7744
-5237
-2485
2144
3378
3851
-4937
947
5294
4410
-699
4946
5234
-1450
-1854
933
-4353
3936
3367
-2926
-1653
7304
-1519
176
6149
5470
4140
450
2016
3858
-8976
-6220
5692
-7496
227
1488
-2153
-421
1156
-2404
1718
2401
6914
-6405
2247
-4050
-2808
711
2727
-1111
-1334
-331
8933
7070
2877
-2041
773
-5437
1629
-5399
1422
2156
-119
2413
-6035
3387
6130
-2226
-4463
-1957
308
-2110
-1035
3190
-829
-4437
1907
1681
-810
1450
3492
-1828
6940
3834
-1536
2639
-3009
5892
-1182
1395
-2701
449
2946
5602
2100
2259
2271
7292
2293
-2241
-4606
2875
-6661
2338
-268
4161
645
-4893
657
6875
-7541
1156
-1861
-3331
259
1328
885
2642
-3357
-518
-2019
8349
719
7253
-1967
328
999
-3673
5807
4103
5787
-1799
-3636
7707
1068
1447
-3285
2695
5904
6484
4944
2665
-4680
-2162
-3138
-736
695
3908
141
5711
-2345
-5764
-4043
-2190
1461
4270
-1870
-7534
-99
7624
-234
-6298
3682
-4142
7393
-3829
-5683
-4274
-7392
6177
-480
-6047
1212
185
-3908
-498
-144
839
317
3331
177
480
-4154
5664
441
2157
-907
757
4682
-1851
-7876
-840
-656
5972
3048
-2514
7424
-8097
3906
5680
106
1988
-3937
1773
-4093
565
3097
4159
-2682
6276
1196
1356
4939
-4418
-2964
-727
-873
3777
3187
-4028
-868
3511
989
3939
-263
798
956
-153
5404
-1468
654
-8181
1905
-2489
101
4199
-4525
4941
4654
-186
-558
459
-4600
-260
8372
-352
-2953
570
-286
5050
-6687
-827
2928
-5316
-182
4972
6141
-1941
4476
-305
277
-306
-4618
4651
701
129
-3793
-4509
-3640
4444
9084
4476
-3577
-1730
5004
242
4422
1313
1698
-4937
-107
-1640
-959
-380
7513
7800
1929
-4735
3750
-2359
678
-6211
989
-980
-1089
-5318
-812
-2774
-1050
-95
-4992
207
-5293
-3848
-1543
4593
