1962 800
-4420
3163
3719
-147
-526
1691
1134
-29
-1138
-1591
-3
-2011
-2083
1183
-205
-1682
-1445
-1052
-663
993
789
504
-3513
-164
1824
2051
1635
-629
-1083
-1522
-74
490
972
-1594
2235
-138
-1107
-2027
-103
-1896
-312
-1629
3181
-3314
-682
2146
-1486
3605
-701
-1778
-535
2792
2054
700
1463
-2722
16
1398
281
1110
3477
1132
-745
11
-2810
-238
268
799
722
-21
-1526
-451
2556
-158
770
-1497
-2062
-928
3030
1741
487
-914
1074
-409
2536
1787
404
1793
-757
2105
-330
-585
-3563
-711
-2095
517
2221
1936
497
-441
-2676
-3209
-1084
576
-798
1277
4191
-916
-108
-207
-860
-2254
2609
3747
-660
784
2099
344
-2141
-2849
-1255
132
-1270
-2567
1413
-1718
-822
-475
-945
-364
595
-1966
1063
-2510
-1728
-2544
1368
1134
-130
4075
1292
2141
2647
1637
1152
-587
-560
766
606
-2044
3380
-2880
2759
1433
-3616
-1693
2016
3444
1371
-445
679
-2430
3239
-1878
-698
1159
3596
-3543
790
-2132
-767
-882
-1747
-1051
-647
3437
-3395
-1709
1547
-1068
-2082
1204
1518
470
523
1966
1561
182
-3140
105
-2212
-1871
82
443
1104
1715
-595
1881
-3064
-1152
-794
-62
-1295
-139
1886
3048
57
-1835
-544
2586
839
-324
-1099
1669
-3177
971
1276
2688
-1816
1202
-441
-1401
1728
2765
253
-2036
1866
-4291
3734
-1264
343
901
3356
802
-289
1945
-1695
-2730
560
839
193
-491
2491
2392
3417
-4065
-1154
2392
-743
-443
180
-487
-1274
-742
1494
983
-821
-162
3203
-3004
-347
807
-4131
3884
-23
-1085
-1322
-3983
-1377
-553
-3338
1479
-696
1262
1679
1477
1330
583
-2863
3504
3702
-1472
-3524
-1743
2975
2411
384
300
-151
775
-2214
2474
-476
-2823
-4435
-934
806
2735
2032
2721
3954
-2588
-835
105
2279
57
-1421
1321
2502
-2806
-3751
-1926
-1149
560
995
581
917
3394
1701
-1762
250
479
-1704
-964
713
1926
1480
2717
-2415
718
1198
2701
412
-1005
3870
1736
-396
-1902
3366
-3677
1797
-2648
731
-126
-1057
-3391
-2336
-371
1168
-2463
-1256
2317
3371
-1342
2405
3576
581
-863
-4334
1108
-2951
-3679
-2397
1602
-892
2031
-3423
1392
1770
2592
1217
875
-921
-2362
134
-2328
3214
-2368
410
-1456
-2661
173
-185
55
2202
20
-2209
-2012
-3508
2893
174
506
937
3004
-2329
68
1157
-652
3087
-907
-738
749
-2694
-627
-789
-366
-991
238
904
-413
-1844
472
3044
-3368
-1786
-1027
-271
-729
2128
-831
-4190
-2725
2053
2183
988
-780
2828
-1256
-2328
-1217
-799
-143
-2430
-228
-3190
-3790
-2945
4921
1906
1342
1251
-1570
-169
-1442
-3103
-2752
2243
-3411
3941
1119
3094
4011
897
-3636
3356
2405
-1060
-1571
-499
-1725
-234
3164
720
-1296
-2817
1870
-95
781
-2525
83
3378
-247
3493
119
4359
944
2511
2353
201
423
-2172
270
-1637
-589
4117
-755
1133
2446
-3468
-914
-885
-696
-1448
325
-1557
655
-1411
-750
1767
-2519
336
-3298
-2026
-761
1868
610
666
-4222
3498
2277
390
2995
-625
-3570
-4390
2261
2833
-3
2436
3573
500
-350
-1903
-2523
144
3097
-1826
728
-2725
-881
2571
704
498
1359
244
-1428
-4385
859
-2322
1201
3473
2355
1111
-3175
-3428
-690
2513
-544
-591
-2296
4312
-2945
-2416
3576
2870
-1562
656
-687
-4290
-1057
-1269
-1316
-2508
-154
-2173
636
-260
1522
-1028
-3173
-680
361
1049
-2082
664
-569
2407
-1388
1747
-2108
1207
1446
-1184
-837
-477
-677
-136
2832
-3801
1805
1854
320
-1556
153
1708
-700
-2814
-3885
1014
-3144
1177
-534
-481
1399
-161
-704
2350
-1667
-131
-953
988
-538
591
308
-2003
1165
3054
346
500
1302
2888
-1597
2408
-122
1901
731
392
3460
3437
-621
-1386
-1655
1468
-263
-2799
2463
-1544
1824
-529
-3949
1946
321
-2089
1062
-76
-1631
-1095
-667
-84
104
-3793
-506
-3164
1942
-1830
2636
-406
-2374
-1277
1723
1444
2009
-2907
-242
4084
3596
1290
1695
513
832
326
104
-3374
2140
192
4586
1570
-287
-1408
-65
1846
-2948
-1590
-1947
-844
252
-58
-1386
2009
3045
1873
3481
-3931
587
-3998
-135
-1736
-3001
713
2241
-377
-3348
3215
-1988
-3103
-789
507
-3072
-2108
3422
4108
-761
584
-352
-1465
2621
961
1166
-1474
-2168
-367
4195
21
3130
-2822
-3304
-111
2435
3244
903
-604
-2756
-599
-383
-3558
2295
748
-3758
1533
-17
1253
-1423
-2495
3517
-2134
-3650
-1993
-1155
-1635
-2485
-279
310
2957
3284
-1657
65
-368
1918
-1693
1238
-1736
1266
1264
-150
3460
59
-1694
473
1167
-2060
943
644
4017
4260
832
-963
434
615
3252
2370
-2518
2133
-672
1066
2468
2518
2012
-1322
-1704
-2166
807
44
-2438
-955
243
3203
412
-1691
-2893
63
-3859
-988
1415
808
-1454
-446
1142
2070
22
-4102
696
-1162
4422
2850
3149
120
-1346
-896
1205
-1634
3031
1026
1939
2621
376
198
259
-4553
-1129
-298
1147
-1414
-1339
-837
624
2368
2203
-1460
484
-1116
-1629
-4343
1766
3895
302
-2501
1983
2492
-2996
249
1099
-1478
-1298
3077
-3747
-2261
944
679
238
-272
2450
-434
-1274
-1438
1713
-1896
1246
-2781
-2646
302
-4091
750
-2781
-1650
-2114
3185
1234
-1088
1632
3202
-1994
3161
-3132
3541
173
568
3301
4170
-1494
1447
-895
-810
-237
3235
3146
2510
-1714
538
957
2256
1359
-1081
-532
-1064
-1697
2433
481
-2647
-1669
-79
-2103
-2731
-2853
45
-1311
2819
-2695
83
-2366
679
2298
-1541
-4213
-3025
-578
1041
-2294
2950
1369
1175
-2568
-627
-3416
-1525
-1788
4712
-1637
1363
980
2043
2705
-1642
-3422
-289
-82
3110
-3263
749
-37
-1799
-1198
1040
-3441
2672
-792
1231
41
-1683
708
2400
-1050
-279
3347
-4536
391
-1948
-808
-651
-864
-1402
-4194
-2099
472
-2946
3476
550
-3195
-437
1188
-3275
-1991
-3493
1356
-981
528
43
-1705
101
233
392
452
-1619
-984
882
1378
2424
142
1732
-543
4115
-2640
-2406
1385
570
-2256
3842
-609
-196
-1703
1610
-2781
143
1307
1581
-154
3388
3443
1528
1974
-3270
-1388
-2399
240
3413
-445
-633
-799
2149
-1797
-1404
-3939
279
-225
1809
-855
695
634
1555
127
-2508
-117
-3541
3
396
-280
6
-1175
2916
-458
-1914
-830
-737
-1209
275
-1629
14
-1442
-119
-509
-3470
-3064
2728
1053
-888
-1881
-301
510
-1080
255
-1977
-3519
-1364
2049
1315
-282
1881
3113
3364
-2158
1371
-1936
-4327
-1190
842
-617
-1254
-1852
705
-988
-2868
-74
-2535
-1297
-1792
1483
1883
-872
-279
-3094
890
2721
1079
4255
3254
287
-1612
-3460
-1011
1347
-1763
-3552
-2475
-1754
245
-182
-385
-998
-1654
-2130
3005
-1096
827
-1821
1847
870
-881
-598
-139
-458
333
-242
2251
-855
-1444
-750
-3635
81
-117
643
1118
-715
1206
-806
145
-673
2761
1122
-1277
1259
-593
838
-567
-3776
674
-3074
1570
798
-458
1861
-684
1100
-8
493
-1356
641
3285
2267
2989
1923
-1993
-2795
-2340
1793
-1145
630
-1998
546
-823
1644
1313
-229
2261
354
2508
-1041
-3623
-1155
-1470
-4149
-1439
913
1518
539
-2846
537
717
-1679
-1902
-894
-1853
1299
-32
1400
-1989
3733
2764
309
-134
-3860
450
315
-4471
3149
2242
-283
-249
98
-2353
1610
-379
3392
256
-1394
2735
-403
277
1314
-887
-1702
827
569
1855
-1302
-2027
3404
1565
-33
-484
-2221
-495
348
2536
1057
-484
5
-322
-2770
-1319
-2370
4189
2898
1737
785
3710
-3009
-761
-4986
-2183
4252
-524
-3312
-696
2456
-864
-391
-772
3394
-2283
360
-4307
-2407
689
2407
-3606
-2203
1418
-1045
-96
1191
-3182
-459
-4290
383
1772
393
3006
-1879
-2702
-1473
3232
776
2453
-399
1362
568
9
-481
941
1544
860
-226
2878
-700
2188
1558
-2019
4460
-621
-1389
-1749
-96
1680
-1179
1917
-3258
1623
-422
-2776
4044
3180
-3126
-21
2311
-1315
-1847
-169
706
4492
-1083
318
3031
391
-1928
2650
2452
-2227
-2963
-1747
-27
-3456
-2414
51
1668
-4212
-1541
2517
-349
-1818
706
448
-3188
-1843
-3206
1514
282
-1181
-1545
-2454
-1330
2605
3291
-432
-1969
702
119
1595
1599
-3789
-1918
-1833
-1739
1058
-506
637
-218
1661
1441
2217
-3215
-1656
1138
1758
3476
-1502
25
1296
1118
-1502
1622
2336
261
-632
-1871
897
1719
-3811
777
1293
-3707
-3729
3933
-1320
3250
1065
-2052
-4659
-2450
-3181
757
725
821
-996
-1762
238
-3913
472
3306
-2220
1242
3369
-1233
2036
1280
-200
-1080
1510
-729
1246
-90
-1676
1083
-3273
-1171
-4251
-1134
-291
1560
-507
-1729
-1220
-605
-2253
-567
-2942
-630
-31
-3305
349
-1626
-576
2081
-927
1001
-526
-2471
-1079
1152
-1383
-4138
268
-2618
-725
522
1343
2004
332
-966
136
-1053
-1573
246
66
344
-2009
299
-603
1896
33
2351
-602
1968
-315
60
1257
-559
2486
-194
1751
313
-576
-3330
-2350
-1947
724
-842
3892
-2299
3385
-2319
489
3718
2475
1776
3195
1590
1162
-3908
-2081
3180
-488
106
-1111
827
2020
1606
566
198
-1098
-1086
-1692
1892
1138
1869
2785
1789
-747
1545
-1857
156
-4135
-1269
-1087
-512
1968
-3837
686
1123
1970
-510
-484
-4415
2489
2010
91
-3313
-115
3143
2642
-615
1555
653
-1387
1377
965
1635
69
-1546
1447
-2770
-2137
3607
-1269
1112
3553
-129
-2762
-3294
59
-3068
119
-1831
1085
1474
3044
116
-726
1289
1739
1098
-1867
-1884
-1724
825
-2315
-745
1114
1144
-1105
2909
-1114
768
-3174
-2707
-2063
-1252
-2446
-1521
3618
-3295
-1165
2003
319
-198
-481
-1788
262
1473
-2292
1370
-3962
-3103
-2320
2505
1897
228
544
-3983
3791
572
-1341
19
3151
-3293
-1202
452
-558
566
-941
-1073
-3561
-536
-468
-674
2274
2068
-3289
-1840
-1779
-1868
1662
3667
1238
1965
-3071
-1335
253
-334
-2792
2148
1202
94
-1245
-353
827
-403
2550
2324
-798
491
1214
-174
1035
-1719
-331
1888
694
2641
4559
-1318
1007
-2857
2405
-79
798
-2272
1525
-2293
1171
-62
2699
-1861
556
-114
3577
1655
-1507
3992
1852
2145
-1824
2449
2162
4791
2735
1457
1767
-2321
283
-803
-45
-2858
-2299
558
-3794
1869
-1826
-4387
2112
747
2487
1845
2034
-524
-941
125
-2479
907
2733
-560
471
-847
2318
366
49
-2565
1874
2293
-1655
-314
751
-588
-205
-4097
2383
-4573
-663
1248
1823
2043
4335
-1101
-2969
1187
234
-3350
-1082
986
-20
2267
129
494
2180
2588
2588
-1833
3019
1371
3781
-908
-3077
898
1803
962
971
-2672
-863
-1198
-1934
-202
202
-1553
-1162
-1728
2636
-1234
-2682
147
-2661
2644
349
598
-2738
-3298
746
1688
-59
-221
-784
211
-1208
152
19
-698
-1853
1522
381
-1220
-2956
-2267
-1339
-743
-3232
-3752
1266
-16
2134
382
-1693
456
1532
276
3023
763
714
-2382
-60
691
334
-873
1786
-2429
-2764
-1225
153
-2112
-510
-1231
-82
-2377
187
4270
2395
-3637
-21
1873
2262
145
-1644
1837
-1783
-1934
-1298
-944
2395
-2375
-2931
2790
-1470
-1166
-275
136
-1128
-2937
-556
3262
-154
-357
538
378
-3525
-3779
2649
465
-4465
-2146
-1710
1749
-2527
-130
-864
3931
2072
3463
1056
-837
2862
-3953
2906
-3230
288
357
-928
1733
-1382
2300
752
1913
1617
2557
-4001
-975
1949
-3066
-1492
-1632
4352
469
160
2299
2542
-4728
2304
-2535
-112
-2862
800
-4231
-1184
894
-191
4108
-1020
-502
-670
2844
-830
1895
-3511
3029
-2016
-385
579
-2615
-1767
-2871
1850
30
113
-4055
-955
-48
-1886
2464
692
-1761
1687
-421
-4856
-948
-346
-2972
4360
-643
-1622
495
1457
2394
-1327
-538
-3012
-89
1468
-1191
3987
-1865
2223
-832
-3245
-2498
-909
1022
-1597
