3986 1500
3705
3156
403
-1166
-4110
-1042
-298
-3928
3256
140
138
-1603
-23
-437
1195
220
2969
1167
1686
-3423
-2757
-1252
-530
1288
7
3509
-60
-1120
-1484
-4663
3241
243
1675
-2148
247
2047
387
2194
-2705
-93
1661
-445
-351
297
-3544
-2520
-1257
1210
1290
-106
3141
1578
3586
898
-1726
4433
778
2308
-85
-1179
-1846
-57
1398
468
-4530
-1340
-391
1188
2294
1153
-301
-2945
-2894
479
-1433
316
155
-3641
2086
49
56
210
1079
-3420
-853
3937
1043
-348
2583
-2531
632
330
-3807
53
-1123
-3324
3080
288
-3834
3150
-1026
-82
-1031
-1214
1332
1367
-1683
-899
2187
-967
-2974
1756
-243
-675
673
-4023
-1212
-552
2327
712
-337
-52
1020
1551
1246
999
-1023
-3613
2492
2441
-2408
-171
-2208
2570
2154
1369
1075
677
324
-2706
-1334
-1664
-639
-3648
878
-556
-2900
-838
-2628
4013
1676
1385
1254
702
3
629
1928
3114
-1
2121
-3305
-172
1564
-1881
-3892
3193
1305
1073
-1925
-3136
1014
-4459
703
-2905
-106
-1146
3909
-2225
536
532
-237
-787
-1359
-4563
1597
689
1507
707
-3150
1729
244
-3602
-1324
2154
757
-84
-3711
867
3473
-831
-931
-1612
-3186
-514
-586
3148
-573
-715
4338
1524
1156
-522
-4176
-3367
-2226
-3358
-71
864
-541
-70
-372
2175
3012
1737
-3576
-872
2848
-2888
-4304
-324
709
1924
797
-1296
-851
-225
911
-677
-1243
2662
2653
2899
-864
397
418
-2149
-1374
-1233
486
-2814
-2217
-3556
-1127
-213
1606
657
2929
456
511
1603
1693
3700
63
610
-4
1270
-556
2050
1308
-1547
-1312
-995
-657
-893
-348
-2315
-1591
-549
745
581
2511
610
406
3391
3199
-106
-676
678
1176
845
-3576
284
1643
2022
3586
1495
-1595
-457
-873
1956
-3283
-1629
19
-1665
-105
2354
-2120
733
4659
3016
-1315
855
238
2095
-3747
3918
1220
-2170
-531
4320
-844
3
-1739
49
-2091
3725
-1671
850
2761
1979
-380
-4860
-1747
1908
-1447
668
-200
-152
3996
-1063
4033
128
-3005
-1643
2907
2597
-750
1169
-3452
3926
340
-898
-144
-2365
-1301
-2208
2856
-2110
1344
-57
-197
2036
-2647
-2757
2027
1896
87
1028
4543
3796
-1826
1692
1393
-2634
227
-3141
4757
3074
3324
3287
-2202
3514
240
2543
-3736
-1550
412
408
-1154
-1402
-320
44
1269
-1828
-1251
-1087
-846
1167
426
-569
-387
1404
592
-1607
1603
1315
2930
128
25
-518
-2600
-1582
-1420
1927
-2533
2163
-3631
-2846
1078
-209
3241
-67
388
2424
-1102
-1158
234
792
747
2555
367
-4101
501
-119
1425
-1567
-475
-1444
-345
1935
2950
-2222
402
-293
-2488
-504
324
483
-1840
-1545
3371
2837
-1594
-4024
519
-1650
-571
2503
-1764
3525
2920
3888
714
450
2691
1433
847
-3792
24
671
-45
1049
2770
-1081
1259
297
-1796
-3445
2110
20
-376
-2941
-32
-3561
1704
810
2124
-907
-402
-2386
4178
-2242
1784
3003
-2734
3104
1675
-1734
-963
1111
-2038
-757
-1621
1239
-1276
-1137
3893
-1667
-730
3432
1128
-1705
3749
-2326
-1455
2492
499
-1485
-2746
923
1145
2631
4488
-866
-1546
2728
825
-1120
2939
-2412
1169
2537
-1797
-4147
4477
1275
48
-1433
-2766
1960
-677
463
676
2828
3524
6
-3224
-2109
2152
3174
-2041
109
-4193
-3990
589
3299
-956
897
-2811
2798
1973
1606
-2582
-118
610
-2916
2802
-72
983
-1014
205
4322
1976
-2022
-943
1136
1938
-1239
2338
-470
-971
-1129
1291
-2080
324
1210
3911
895
-335
342
2162
-122
-737
-2472
-2038
-2461
46
-484
2904
965
-4234
1080
1731
3565
844
1310
-428
742
1978
-1351
-2093
-697
3491
-315
-700
626
1433
1686
876
2568
-3568
-1106
1543
139
-4700
-2442
-2025
-97
1375
-268
-668
-1843
3635
804
741
-2169
-461
791
520
-837
1633
-624
1158
-894
-2098
-301
4037
-504
872
897
2910
-1037
459
-615
1134
-1400
570
-1092
2634
-3631
-539
-684
1639
273
-1170
-885
1158
-4734
-3325
1751
-4797
-1081
-1109
648
-233
833
-373
-2003
-2448
801
381
-2701
1442
-4274
-2143
-352
-3266
282
562
-1221
2113
1330
-835
-153
4375
1083
587
-3028
1909
-985
864
-475
1922
-2468
1740
-2828
1411
1378
-3973
3658
1896
809
1696
-652
-2105
-1503
-259
-2484
4146
203
-4234
4383
-3411
-818
351
-2090
-2910
-644
3146
330
-3080
-2779
719
-556
-1024
2517
-1831
-1343
-1236
-2365
-534
766
-879
790
1558
503
-1305
-2075
2222
-4182
-831
-1617
1668
-2075
1238
-681
2884
84
-663
-1138
-4257
145
116
-1969
-144
1838
-333
1397
1166
-192
-497
1501
-2693
-1597
1276
2014
1703
-780
268
-349
-3584
-2611
2604
-158
-1243
1612
1235
1136
1626
-2047
664
-1629
2620
2378
423
-413
1886
2042
-2703
1690
3719
333
-3698
-132
1914
650
414
749
3870
-1043
-959
4324
-1564
59
253
-400
2521
-2349
1756
-973
1439
3098
625
1651
-1987
-2018
1767
35
423
387
165
-4083
-1183
-62
-3161
-369
651
-3410
-1416
-1733
-203
3169
1438
2583
-606
-3339
-2085
-2325
-1551
-1751
2978
-2613
-2812
2102
-1232
2473
1159
2917
-1925
2518
-920
-2795
1572
1596
-553
-1669
-1210
-2315
878
304
-2162
836
-3778
315
-1114
76
403
28
1392
-912
-2971
613
76
610
3736
1547
-356
-394
1298
-1862
-1730
182
-3529
2827
-180
1247
-1401
219
-171
925
-37
874
225
-275
-115
3851
2810
2448
2578
-2011
1485
-1142
-1252
1952
3224
-1910
947
-1985
-2196
1819
-2332
-396
1280
1172
1208
2586
3208
2390
-741
308
-2369
1246
265
2384
-2204
1204
-2478
-2765
-364
341
-2969
-1621
3995
2003
-903
-530
2601
-777
3683
-1913
-2199
-2118
-492
-1731
-3971
-1369
1906
1815
38
2543
-582
-1693
-126
539
-850
3914
-2396
1543
-4126
-1078
-4209
-598
-123
-971
-280
-1456
-1437
376
-1620
-1598
-3193
-1655
-817
1566
1055
94
-3555
704
2176
843
-1389
-772
-2939
-1078
-766
703
-1019
-454
1698
-2987
1677
2372
-2301
274
-2774
2770
-535
-1498
-2367
1876
-4262
23
184
372
1502
1637
1549
1033
-3549
-4464
633
6
-2773
-37
180
1858
3385
-1370
2119
3364
2130
3880
-3330
1040
1786
-1398
194
2436
-972
1894
1797
1178
-148
-1520
-1325
750
-692
1868
226
-2957
-24
1272
890
-367
-814
-2733
-3239
1826
4
1215
930
-552
949
3416
-2409
-1617
-521
30
-106
857
-791
3741
-3458
487
895
3167
2145
-3938
2153
1027
1325
-917
943
1054
1561
56
2791
3661
-207
3531
1765
353
-2225
-3118
207
1889
1178
2858
2202
204
2438
867
812
4062
-2643
2012
4045
-1521
458
-2113
-413
-2117
4086
-1891
-1720
3029
1258
1610
-3659
1664
2264
1679
1347
2938
20
-254
1956
571
4171
2924
-3616
-233
-1060
297
-365
2876
-270
2961
-524
-1189
3475
2810
1161
1207
2745
77
911
341
-1406
-375
3138
-1205
-2839
978
1423
864
26
2122
-1757
729
3307
2035
3447
-636
-4487
1978
1480
204
-850
538
-2634
-1444
-3939
-2589
1426
-233
-3458
946
2763
1135
-2817
-569
1481
-2426
2475
1135
-330
1027
157
-1906
1122
-1366
323
-1350
-181
4640
-1728
3745
2148
1064
-3897
-3047
-2111
2109
3078
-1726
-67
-2666
4714
1673
-2239
-1446
639
1365
-327
520
-3808
1858
-1236
321
2776
1742
2644
555
-3040
1226
-3076
1239
-1672
-1574
2439
476
1080
-590
1221
-1133
-610
1979
-3769
-2325
1500
-1788
-169
743
-2427
754
-3986
153
1301
-2147
-3621
640
247
2150
-143
-2239
-45
-1780
1191
-194
1795
3858
3154
-1540
-431
119
-2461
-1778
-139
109
-127
-436
1137
1524
2899
848
1601
-2067
-1196
-1007
-4210
-1173
192
-1121
-67
-1601
4814
1522
1045
-1912
-959
985
-213
2868
94
35
-2943
1285
2018
-431
-647
-753
-4592
1766
-2134
2563
-4110
-2987
-3665
-1766
1344
-441
-2350
4487
2880
-3067
-803
-429
-435
-1891
-3029
-712
1905
421
-1583
-1709
-940
221
-967
116
-167
-2698
2730
973
2388
-1947
923
2288
2732
2381
-4611
-3013
-3065
-631
4865
4540
2117
-3305
403
-253
1162
-1211
-530
277
1205
3757
3797
2959
852
-962
985
-1181
-3839
816
-145
-3129
364
-2806
-453
-3345
2348
98
2375
-474
-1121
945
425
3694
579
60
914
-1989
-3346
-167
279
-489
-1632
1640
-2959
-299
1272
1504
-1598
4600
1177
4507
591
-1479
3886
2959
-2024
-3379
-1336
3308
907
1183
475
1807
2320
1654
943
-1076
-1908
-1557
-1907
2511
1137
448
-179
-287
-736
1354
-3881
-2361
1771
4667
57
-2233
-197
2507
-2496
-884
449
-1857
-4392
155
-402
2288
24
-529
-1465
-1870
-4116
179
-698
127
-2471
3091
-1216
1546
-3013
-1379
1577
-4254
-3805
2463
1582
1227
2977
-7
-2648
409
770
-564
1203
2179
2105
-1215
-2939
-1824
-4173
1460
2062
-2173
-1923
723
1905
2144
2014
2843
-44
1259
1295
-991
95
711
-2699
995
-1679
-3513
113
577
-1898
-1189
-1765
2688
-522
-314
2080
2341
1911
4176
1185
292
-4114
-4549
199
-2552
3268
-1423
3597
3037
1393
3047
-831
1520
930
-919
238
-1744
2478
2654
1639
-1085
1916
-706
-550
2641
-489
1619
-542
3969
2759
622
-600
-1514
-2002
712
-75
2248
751
3506
-670
-58
-169
366
2034
-3200
196
-1314
805
4265
-460
1935
2734
4402
-1341
-1559
-1036
-1934
540
-1063
-1833
-3187
-1780
-2154
3770
-1437
1384
-1685
-69
-2980
1719
1015
-3737
4829
2011
1673
-3682
493
-996
-2640
-196
-960
-3
1536
3571
-3568
3193
-2167
-3672
-2269
1805
-2402
-2868
-984
-3093
1179
2599
-1958
-967
2967
-2107
-1344
3534
186
1448
-1035
-330
425
3444
-1757
-1528
-2065
-1964
2601
-664
-1334
4326
-601
380
-948
-3905
407
2543
3555
277
3724
-2568
953
-815
-558
3934
-624
-3514
-948
-1441
-4901
-3065
-1378
-454
79
4841
696
-291
-1757
1301
-31
-1954
531
177
-2303
86
-1320
-2185
-138
1992
-2231
1531
-918
-1590
-2498
1830
282
4076
2248
3388
103
-839
-162
-226
68
-1622
-909
1932
-1505
-1170
-3885
401
1163
-3385
-663
1298
-4277
2172
3300
1038
-134
-610
1195
-183
-1766
3452
1155
-1166
3083
2444
1292
1272
3703
2699
-1516
2017
-427
2904
920
1145
2285
1948
-617
1136
1201
531
2293
-2136
-2130
-3497
-506
315
-811
-1023
4791
-938
-676
-3825
-2753
-1500
364
-2971
1212
-2185
-3256
1538
119
715
-1593
-139
-978
-1097
-2289
177
881
4307
105
282
1605
53
-1468
2941
3842
195
1601
-10
-486
-1809
-4503
189
-3892
-875
-356
819
1717
693
1125
-1959
-1173
-2082
-2162
989
1854
1635
417
-371
-1561
714
-2108
1357
-519
-1961
2104
1350
2928
232
870
1668
1320
1131
-103
-892
-1929
4015
-1556
-3199
2515
-2418
-1263
-429
-1313
677
-862
3026
-2126
764
1048
1419
-110
-3842
-417
-755
3125
1999
-2019
1593
-1666
-25
767
-1752
-3833
-3193
670
-3454
-1532
1466
-719
2966
-1690
-3844
1477
3492
-1216
1042
-1426
2710
538
2718
248
-3341
3065
1441
198
-567
-252
2108
557
-1467
-3359
3975
61
-1029
11
4145
958
1115
-2369
-220
-322
2299
-1189
-907
-3762
2167
-1803
1065
2417
1779
-1698
-1079
-1338
1462
798
-2636
-246
2409
1555
3542
-774
2033
-569
1784
2520
-1928
-1190
2070
-1091
1431
890
2260
2151
-2209
-1274
-932
-85
2960
1010
-2204
1937
-3028
-374
800
1934
-3058
920
-276
3274
-1338
754
-3523
3384
-3041
-1712
2950
-3083
-209
-1478
-492
2664
1103
3581
2203
-779
-2573
2759
-1243
-597
-1767
1305
-1713
-1599
27
2963
-219
709
-789
1261
-674
776
-1320
-450
-3912
2425
-1830
-208
2027
-2982
-1634
101
387
369
-1251
-3967
2914
3409
-801
620
835
1595
349
-1836
-413
-1918
-2318
1774
2288
631
-615
-343
1970
-2722
-2048
152
-2448
742
532
525
3564
1595
-1965
-493
-1370
170
-2021
-1421
2691
-2768
1093
-2985
2978
-1614
-3327
668
-1252
-2753
-3325
-486
-252
2346
3575
-1064
3456
2803
1965
-234
1043
-2268
-1091
2071
-2888
-585
-1963
-2304
-1836
-4790
2407
1551
-165
3210
1098
1650
2863
1673
-434
-2100
2820
-2834
-1255
-359
-1413
-3503
2895
-3067
-415
-2633
1209
599
1739
2788
-1838
-3990
2221
-749
2610
624
2915
3633
647
281
2648
-1135
2202
-767
3164
-1653
-3606
-1058
-1146
-890
-4370
611
231
3729
-1542
-3520
1156
990
1171
-141
4814
305
-1846
-1075
-1557
-131
992
-750
-3192
-1416
-3689
101
-571
1713
-2606
-528
1557
304
-482
2875
-1099
-654
-932
-4119
1105
4686
1378
407
-1028
3694
2340
-247
445
-322
-1248
2397
329
41
-2579
-471
-1230
3209
3015
1343
-1520
-723
-338
2072
719
-560
-3697
-1218
13
-854
798
-1091
2635
13
-2233
1547
-1166
-4503
202
-2514
-1193
299
-185
-1990
2429
-1464
-3864
2420
-2276
650
-631
-661
-1898
-925
-3007
1742
-1675
-2352
4112
746
4239
-223
2557
3151
1247
355
-1260
2732
1542
1418
249
268
76
-3434
-3792
2344
4293
-877
-3626
3879
-2400
-947
-1012
-579
1596
-1375
2377
3187
-2949
-3178
307
2846
-1371
-2488
1085
2065
-1634
1356
409
1793
2896
1477
-2033
304
-571
-2128
2796
-3018
473
-4429
-2625
-138
2320
1563
485
1922
2261
448
-1200
1116
-427
-1143
2252
-833
237
3617
-1881
4108
419
-1339
-1113
1565
-1302
695
-1155
-198
-2962
-1389
-560
-1494
520
-3349
-1623
1328
811
-3677
-2527
2172
-1600
2064
-747
234
-1434
648
2311
-1210
1111
-636
398
-2264
-1168
-2087
-4711
-122
-252
-912
3370
968
-1916
-1822
-3996
-1502
3984
1132
-1382
-767
2001
-3520
-1434
504
-1688
991
1724
250
-3294
-910
2846
797
-1698
1020
-340
1407
28
-241
726
-436
1848
1680
-2968
1011
-2262
-4033
2350
-1460
416
2783
-2665
-466
-189
-4825
-2624
2252
299
-250
4200
-4130
1670
1076
-3780
-731
-1137
-143
2643
-1423
436
-158
-3687
-1546
797
3487
319
2135
1180
1374
-1656
214
-633
373
-1231
-1812
3172
556
-2482
-2255
2661
-4140
-331
1800
1132
-1497
-201
3290
-158
2144
1085
2705
-3520
-1193
-1837
-617
-2602
-471
-1282
1549
-1418
-1207
-1153
102
388
-2327
2155
1152
1007
766
-2396
-2683
-1301
1841
-3880
2750
-2230
3262
943
1941
-1709
-850
1726
2245
-414
2297
2388
180
-2552
-173
2718
1461
123
2617
3724
-215
-1971
3453
1734
-615
2242
-1051
1248
-3702
-3285
211
1542
-1575
-743
2251
2018
-696
1262
-2855
1302
657
1181
959
103
-1320
-3247
-599
-2192
-925
-4024
-2757
2837
847
1841
1480
-3258
3840
802
-1750
2063
23
7
-1508
3922
-1468
-1730
2361
385
-539
804
-2601
-3447
-3603
2689
436
-2579
-2288
1109
3268
-524
1600
1318
2063
1049
-129
1375
526
1419
477
615
1814
3661
-1179
1878
-799
1249
-2223
2486
490
-1591
1494
-1032
1178
-784
-2079
538
-3627
454
110
-3680
1449
-1791
-3756
1326
1473
3225
-1566
1182
-641
4
253
605
-2215
-343
-1974
628
-141
-3489
870
-421
3530
-1549
-516
-2195
-243
1031
-1313
-3849
-586
317
-1295
-1815
3964
-503
212
-3827
-132
-773
-1876
812
1749
1733
4124
-302
-692
-1335
2969
4558
-2015
-2303
2516
-2774
-1622
-2122
2516
-634
-598
3734
2153
956
204
3122
-3671
-2495
832
-1172
713
-3962
1641
3918
517
-183
1466
-4155
-1952
-3179
-473
-704
-1017
1969
1099
2794
-2577
-1899
-3074
4049
-330
-4298
-3618
-935
1773
1378
-613
-18
816
81
-2929
1688
-48
-3906
-3812
2162
2201
2747
2279
-3420
-2019
898
-3414
165
1400
-3839
-3280
-209
297
-117
1070
-669
28
-1136
-3031
-1238
1007
3842
2609
2013
-5
1715
2703
-1431
137
1519
2903
-1179
-245
-847
-2043
3173
-120
-4144
-1369
-116
551
437
2368
-3324
845
245
2704
-3914
-2328
902
-2568
-438
-1689
-225
513
325
1701
-1794
2747
-44
-1524
2487
1180
-1238
-240
-1415
2271
-135
-297
-4380
3806
-2933
1768
-1906
563
1437
-1225
1863
-1276
-3324
1684
-1133
-961
3205
2142
602
-1256
1032
-1237
356
2222
1339
2174
4175
414
-3157
3800
-4405
-1011
-4106
3406
-883
255
327
384
-2563
-1177
2064
-1207
2414
1021
-1535
1148
-191
-1939
1429
957
-2250
2948
248
-984
-1035
-3852
-1794
3439
1758
0
2931
3457
-267
1882
497
-3052
272
1123
-1722
-3269
1762
-332
1544
607
-427
1493
3817
143
780
767
972
3214
2643
-1234
-913
290
-165
-457
1046
-521
-4587
-669
1888
312
550
-281
2914
1282
3011
-445
-467
1140
-625
619
-2135
-1076
1017
2033
95
2753
-1169
-1574
-1428
2368
1709
-3153
-1339
418
-1235
2428
345
2500
314
2804
-1422
946
2597
1268
-2618
-2630
1259
-1307
-2295
-1056
3573
-807
-984
-1550
-581
-464
4662
-1941
1012
2309
968
-3123
1371
2831
84
-2769
-3444
-177
-3406
-292
1637
-190
-2137
-3055
424
301
3139
1166
-1058
1685
1407
476
-2342
2912
2985
-1107
2458
896
4882
144
-627
-1317
-103
199
3057
2366
4469
-1438
-990
1745
280
-1688
-441
-252
-393
-113
-1417
585
-575
-1372
-13
1673
-748
1065
-69
-705
2759
-40
-2193
-1992
-1883
3089
-4033
-1179
2098
790
3191
1095
2928
-2757
-3073
3217
-3109
518
-744
-2991
-1326
1355
1623
892
476
711
3318
1804
-145
1045
-1307
859
1328
-3643
-1855
2767
1731
976
-2158
-1011
-692
-2893
-1799
-337
1576
-3894
1108
-744
1915
3533
902
988
-74
2933
-902
-10
532
3375
2862
220
1827
749
2243
127
1680
-2208
1144
-2934
-1913
2890
2052
459
-1731
2608
4511
-1286
1526
2983
-2646
-117
842
-435
-326
1081
-1772
1201
555
1650
3831
2576
-2455
-4933
-1217
507
-1116
-383
-3197
-1028
4483
2801
-452
-2092
645
-500
715
747
-1453
-1107
3892
706
1466
116
-841
820
748
1681
-1560
-2259
547
-361
-390
-729
-3708
-511
-665
651
1916
1849
-314
-396
-4164
1866
3479
116
673
2381
-1613
-14
-3263
844
-215
-2894
4243
-25
2354
-495
4300
-2816
430
-863
-1376
2729
-2891
-584
3028
1631
2099
1516
-360
4342
3316
-606
-2121
1155
-2758
-1406
-813
372
-1978
-1222
-4498
212
321
16
1488
-519
915
2828
504
1984
-943
-3032
-663
-312
565
-1030
-3319
-364
685
-1569
356
-384
682
3051
-1712
-2436
3200
2426
3237
-258
1360
581
1273
-2359
1610
-2732
-999
3652
332
-2005
-464
-4525
4186
-2181
2237
-714
-783
-1112
1176
-3349
-1293
1728
-2635
189
-228
280
-261
2986
3717
692
-125
1761
137
-1146
473
-1223
-231
1695
-2418
-2492
1092
2213
-3426
2052
681
-1729
-3125
293
2304
129
438
-4181
-220
1741
-1031
-1418
-1426
790
-93
-684
1155
2474
1151
-2302
1093
2051
-472
-737
909
1127
-1968
1069
3684
-2310
-3208
1109
3404
-95
2801
-3521
-937
3648
-1608
284
-2485
-1199
-1533
2315
77
-714
-3531
-1551
2879
-3145
-885
3824
964
3632
-135
4745
1143
3398
1153
-646
-1405
1633
367
2041
2219
-697
-434
1611
-1267
404
-1034
-1807
527
-1760
-840
-1093
-2730
476
2100
-2721
1252
-2083
-4181
1406
1490
2052
-2093
865
-3413
1338
-2255
2382
-3684
1248
2474
-757
1989
3049
1721
-539
551
-3648
1085
-2313
2429
390
-649
876
-1861
-933
-523
2701
3635
-257
-1687
1716
-590
768
83
-1730
-1650
-2219
-1391
173
2332
3743
-1712
-2891
2578
-2276
-1183
-1203
-1244
-2550
-1326
-3087
-3167
584
2338
744
674
-233
-3728
-3391
2394
-3588
-1353
-3978
-3538
-1763
-2183
2603
-2451
557
-455
-2253
2133
1324
2985
33
-1152
-90
404
-1609
-2412
-344
659
-985
2355
-849
1424
1029
2864
2282
166
898
-109
2009
-1125
594
-617
2918
-2466
-490
296
-2500
1355
123
-3793
1198
-3258
2410
664
1188
1034
-2990
1283
-1075
967
-2862
2605
-3573
-92
-749
2694
1319
3831
2462
-1509
615
-3955
1701
-89
-1735
663
-366
2704
1441
-161
2321
42
574
-265
-1366
2888
-1858
257
3424
-920
-3784
-1479
-575
1198
2742
-3909
-2070
-1844
-3416
-55
-1804
-4445
1311
-2792
614
-213
2738
-1374
-1380
885
213
-4203
-640
-873
1657
2139
3102
382
-2647
-2377
1403
218
2485
-2750
-978
-3252
-1572
-1725
-416
2236
-2214
1182
-6
-1554
-1818
-584
3602
746
-207
2852
2114
956
-3353
31
1260
-1050
-3345
-871
205
-1988
402
2684
-285
3934
-1311
1079
4072
2867
-1183
-240
1734
2923
-368
219
-249
-470
306
-282
-3066
-471
-2114
-235
-4241
-974
-1425
-1658
3040
-1
2774
881
-660
640
-1127
-9
2133
-533
786
3932
-2278
3168
4242
-1153
1899
-1794
-3172
-269
4363
1168
-3232
166
-3121
-2128
475
790
199
1211
3829
1530
-280
-2238
2223
2572
-100
3129
4347
-906
-2576
1055
4731
-263
3114
1266
34
-1164
-2401
-3928
-920
2394
721
725
1649
-2189
-292
-2485
1017
-2645
1080
-1376
242
396
-3681
-2273
-2793
-624
1281
344
-1595
-457
-643
-2063
1483
-2582
-1605
772
1525
3029
1352
-491
1098
-4115
722
562
-968
-297
1689
195
-2032
884
-955
-2622
645
740
2858
384
-66
1472
2876
-2854
2631
891
1704
4351
1998
902
-3293
301
-952
-274
680
1507
2586
2878
1260
-1955
-2003
-2106
-908
-2348
-213
-2196
-259
-1414
-2129
-1635
-646
1220
2611
-968
-919
-1602
-1393
-2313
-1767
-466
2234
-886
1196
-1534
-2065
-2773
-1899
54
3253
1050
-769
534
-2373
-567
-1812
1622
-71
-460
3810
-1639
-249
-930
829
724
2445
2234
-711
-1034
-2086
-518
-2288
2727
3148
980
6
-1120
3516
3835
1134
3136
2806
-1924
1526
-4605
2005
1371
245
-1155
-3147
2518
1897
2817
4117
3656
2301
-617
-3358
1252
-2104
3711
-2867
827
-1087
3165
695
426
1282
156
-3874
-2150
2299
-1256
950
-3369
42
-9
212
761
1532
1059
-986
-1837
-353
-1933
3802
-2076
3789
-2313
2411
1265
-704
-2502
-2152
1274
605
89
834
1378
3168
908
1094
2571
-883
-135
-2606
-607
1675
-3315
1331
-348
-1680
2
-130
2903
2705
225
-3362
-2326
316
-3877
1957
2445
2883
189
1640
371
-3443
-2264
-478
-2239
-1190
-252
-1245
1301
4106
-512
-3155
-963
-1684
2838
-557
94
-3121
-2588
-2121
-1839
1716
402
456
3708
1897
179
2489
-30
-1947
-3353
91
2672
539
344
2716
-1499
1349
292
-561
2340
4785
-4399
-991
3238
-3139
817
3629
-859
-1524
29
-3504
365
-2678
-287
-1911
1827
-1446
344
1214
-984
-802
1737
-216
-2274
1319
-2848
1371
-2476
-1066
1151
-1522
3988
-1325
-3809
-1406
-328
-794
-2017
-2026
-1161
-617
-412
-821
939
170
4273
2368
-2170
-4693
2107
336
-242
715
320
-2698
83
-2332
-2602
-3554
-1243
-294
-4062
1206
-454
3295
-752
307
1015
-2757
-3300
1558
1243
867
-2170
-614
1311
904
192
1126
2519
-2827
-4044
-2935
2371
-3004
2261
-776
-705
-1644
320
3898
-3877
1812
3267
-2048
-2683
-3836
2759
-1145
-57
-2131
-669
3463
3402
-799
1493
572
2904
167
-1416
2195
-3305
-826
-2622
-1393
2032
2439
2423
2132
-86
2153
157
-316
-1449
-1605
-3248
-949
598
-198
-286
3944
-869
2976
-1761
2772
-2634
651
-2686
-3804
2146
3606
564
-1593
-3842
1330
-3139
2170
-1083
1436
669
-2389
1487
2825
1147
-240
-36
2600
5
-166
2694
-3271
-1901
281
1256
-539
788
-1434
189
1489
2031
4714
462
1863
2244
-2407
-3290
-1341
-104
-40
3201
3382
1862
-2758
3568
-855
-2472
84
4289
2572
1640
632
1901
-536
904
2574
-1008
-782
-659
-71
-1083
2984
2385
-417
-722
585
4738
2587
-850
1179
1968
-816
60
2672
865
-2394
708
-118
3539
1613
451
1454
270
1779
1524
526
-3883
531
17
-861
1262
940
604
1404
112
-738
19
415
4158
1219
-720
-1087
3568
2048
-331
-1300
-2457
285
2457
-1196
3417
304
-2622
2392
-491
3605
-138
-2564
-3274
-1144
2006
1122
-1088
683
2301
-1980
1952
-2796
-888
-3003
1619
1321
-2099
1878
183
762
