10000 5000
37
140
-297
103
-41
-193
-190
162
55
73
72
208
-134
60
-199
-48
414
136
219
151
-92
93
-146
-43
326
-306
-188
163
372
103
-86
314
-193
180
226
196
158
163
-55
-301
298
-282
171
54
-95
359
55
-50
-205
-246
-184
15
-378
-100
-370
190
-30
174
-88
-44
-196
258
-52
-44
-199
-64
-78
-22
62
-220
308
322
189
-312
-359
34
247
-177
159
-477
92
-101
324
49
78
-129
-283
84
-357
-22
-191
50
-238
169
100
-63
-221
-94
144
-213
-381
-163
-58
57
-136
-146
-289
359
-286
7
27
75
-184
315
-152
342
-26
437
-92
-85
229
223
-17
-91
317
142
38
-91
1
-420
247
-40
-223
19
-113
429
-43
-418
108
243
127
470
-424
5
-24
246
-8
-19
6
-472
-7
-40
112
29
411
-5
43
-17
-74
22
227
454
83
-164
-17
4
185
-37
-396
-256
62
-102
309
-233
-279
-286
-418
-63
-141
53
-128
78
-238
-9
180
13
73
272
12
-1
-67
-74
215
23
6
252
-316
-24
374
186
-63
208
-199
37
82
-45
-121
100
-356
132
53
-353
269
17
9
-214
-186
-202
-54
203
-204
-2
-278
-228
-273
-221
-129
-453
-174
116
-1
123
94
-156
53
-126
-231
91
-33
67
171
75
177
-148
-104
-222
22
121
400
1
10
249
-33
286
-40
-291
23
219
30
-443
-141
105
99
298
-293
19
48
120
192
-268
-102
13
175
9
-166
-246
-53
292
93
269
325
-259
243
374
96
168
315
-111
-140
-165
-164
123
229
126
215
237
-87
-396
13
-10
173
-67
91
-161
-338
180
-372
-59
-378
-10
14
6
-30
-362
121
41
-241
-47
-50
-39
1
122
144
79
-117
-140
388
-33
-156
-33
-324
195
34
253
-40
446
145
331
162
1
-384
-195
74
108
-277
310
127
213
25
-54
33
-423
203
73
-194
-233
-232
-12
159
12
-362
-21
-232
-50
98
246
423
-267
132
-294
42
25
-371
167
67
-149
-34
377
-262
-148
-33
-46
229
-113
228
-317
-323
21
332
-308
69
-104
428
6
16
465
186
-29
-106
102
133
-450
368
96
-144
9
-219
9
86
-41
-70
422
-343
-215
204
40
334
-54
110
181
22
155
-340
147
-151
-80
-352
-45
122
-17
-210
-48
159
107
245
304
-5
-238
8
-141
-33
173
184
-114
-331
-258
125
-314
-218
-143
-42
85
285
56
-28
289
36
-411
-107
133
228
-162
28
184
219
119
-223
-262
244
-142
40
175
-6
139
-22
-294
-427
137
-343
-21
331
-91
75
71
68
79
46
348
123
-117
-19
211
324
96
21
199
322
-167
68
-16
-201
-272
168
-267
51
-23
-210
-155
-57
271
-33
66
241
97
-186
-25
320
-95
-76
-151
-254
170
-362
-98
235
-190
188
-103
-21
-7
-281
131
358
-196
182
-192
23
305
99
267
350
-45
-279
99
-229
-87
30
136
-14
215
-354
317
40
-180
94
-81
282
40
-56
-324
-302
342
336
267
118
-482
-128
-324
-204
243
-116
-67
-132
-6
83
226
183
355
74
-107
14
191
-247
279
137
-299
77
-25
-213
-160
205
-59
-9
123
22
-20
-222
-198
31
111
253
-90
122
-193
67
195
222
102
235
-87
302
84
-148
14
-212
-242
175
182
316
284
74
267
-113
89
-133
83
380
-144
31
86
-50
-109
280
-76
-206
-148
20
362
-199
372
-314
85
66
44
-52
367
-212
280
-213
-365
39
56
-38
-122
-94
20
-165
464
14
-15
79
304
-82
-211
-240
-94
-124
31
300
306
-12
-309
298
-138
-280
114
246
-68
298
-128
109
426
-26
6
-223
231
178
138
-95
11
27
-45
116
385
-272
81
80
-26
348
-194
-21
-169
-51
207
-170
239
-382
130
-304
-111
-143
58
274
-74
-148
-152
-161
380
-382
-161
88
-33
23
-147
341
262
171
43
-375
-253
187
141
129
-256
-151
-429
41
212
113
-69
245
-81
5
-136
-83
2
-102
-208
-30
-116
-355
27
-108
-421
105
267
-49
-133
38
-51
277
-155
373
-2
-177
-148
-145
432
190
272
57
-146
-160
206
286
315
175
26
343
53
-6
-202
-329
101
-173
88
-124
-216
142
130
118
76
-77
-114
-116
-159
132
-38
132
-57
39
-85
307
238
-72
-70
240
-63
181
-135
-85
-158
232
180
116
-40
-96
-261
-59
-7
112
-14
-296
-301
-53
-10
198
131
130
-120
346
252
-153
136
213
-80
456
-227
406
-246
-431
-112
-158
-126
7
85
-107
7
-367
-223
-98
-18
60
-137
-413
93
-266
276
295
-168
-113
-88
165
10
373
-73
131
-262
-128
-82
327
294
-24
-34
-147
360
140
71
-81
140
21
-54
-135
-161
-319
195
-444
33
-331
-136
153
-92
-23
-134
-247
-132
-123
-216
-86
30
122
44
44
-420
35
467
177
16
-45
194
110
-239
82
-11
431
151
173
-88
404
-205
136
371
249
-180
-28
-452
-223
-23
-381
200
414
-367
156
-165
97
137
-119
260
41
51
273
12
383
270
-179
151
204
6
-266
-53
-77
155
20
-82
63
33
-56
264
-98
-14
-140
-330
-14
-113
-82
-28
27
-7
-351
-285
174
-320
-84
79
153
66
251
177
-212
-8
60
230
-99
387
206
123
74
7
-35
322
-205
-454
-143
-313
-17
-370
-143
136
-124
-329
-26
-300
-194
116
208
-46
335
52
-119
-191
-213
-302
-150
194
131
-232
-421
105
-242
207
107
-472
-378
-193
-128
246
-241
-304
-79
9
-315
-303
-9
85
-337
71
-30
-307
-153
127
220
293
-196
212
298
271
-96
72
24
484
96
95
-56
189
-452
-80
164
-159
167
426
54
-228
-5
98
-166
-261
-24
-241
24
352
-396
191
-220
-128
-58
120
105
-108
-490
75
-76
-120
-435
-365
46
110
-260
36
-8
-34
61
-341
-292
108
-154
397
139
31
-28
-109
192
-12
23
144
68
-208
-196
9
-34
-12
241
51
-334
-90
-355
-211
-13
100
-136
-197
-382
115
-206
230
326
198
279
121
39
-170
381
-318
-202
-342
18
-111
96
-206
-4
-29
79
-9
-113
279
134
-306
314
20
-162
-36
86
-126
300
282
220
-22
-142
223
336
294
-330
5
-71
344
163
419
8
324
-129
125
119
90
-359
334
240
30
212
353
49
-209
173
10
71
-102
-203
-38
191
241
250
-135
58
-57
166
-75
-153
89
109
-175
-94
-151
407
28
278
-43
-150
-53
-409
-418
-215
3
-169
64
62
44
-14
25
-129
149
62
-142
-50
306
-15
92
-337
-40
362
132
-40
-64
129
365
209
246
76
158
-97
262
-270
-289
238
264
-363
304
78
-129
-3
406
280
-164
187
165
405
-271
159
-232
-206
-21
-297
-315
36
-193
94
274
-210
26
116
281
-4
212
-51
190
-43
-243
-54
-28
-205
-200
-230
-308
286
-481
-81
1
60
-187
121
-5
-304
350
98
-41
-339
-5
-284
-25
158
110
2
-86
328
-274
39
-204
-175
99
-265
32
283
136
-30
33
145
190
111
-297
367
-260
-89
299
2
-57
-223
-331
156
57
-89
368
325
-258
-162
145
95
237
-210
-196
227
411
-15
-54
116
187
-236
79
120
-156
117
110
-231
193
72
-296
-153
-372
-33
28
-156
48
96
-145
298
167
-273
62
-6
-323
-5
-11
48
311
173
-324
-135
-241
-182
481
-30
-25
-210
-441
216
-146
-357
-262
365
-228
-103
-252
47
28
-314
-166
-411
129
-228
253
224
-22
-58
127
173
-82
278
188
103
158
298
-112
-46
79
-17
-112
154
-98
-335
-75
-307
-254
296
-459
88
49
98
208
-293
371
77
-194
-18
70
-76
-7
-12
-149
278
-58
-99
-308
-130
-48
-167
-353
52
-63
29
22
-320
-210
-36
419
392
121
-212
172
246
375
161
140
-253
-193
-37
-113
233
-137
-125
230
152
-97
-166
-333
200
-178
-135
176
-152
40
-208
-107
-271
-142
-185
159
-87
-297
470
-49
49
236
-39
178
-117
-153
367
-141
-342
12
-279
174
-123
32
-28
-111
-46
151
311
-342
-274
38
-114
197
-147
156
377
336
89
-4
-44
-57
421
-307
118
229
91
13
-110
-83
-8
-285
-90
301
-65
293
-113
166
-203
86
-69
89
38
267
-239
118
93
208
-212
-181
147
215
69
-294
-223
145
141
37
-28
-109
229
-6
23
248
-174
232
-198
148
152
303
-103
280
-16
-39
138
67
-136
335
-11
40
-318
-23
317
73
-370
295
36
-8
39
-153
130
71
82
21
45
-114
-145
84
-43
62
-160
109
-82
381
-270
271
381
-227
141
31
84
178
192
-321
326
-218
-38
-233
113
136
-177
403
170
139
146
-69
347
-96
-119
-22
-123
-5
23
-112
28
42
-71
10
119
-274
40
-115
-83
146
455
295
-97
-444
-113
179
-79
-24
2
-50
195
-315
-383
153
-278
78
-210
33
44
-87
-228
-53
-109
-88
-159
174
206
-238
9
83
30
-30
105
-307
277
107
229
88
-120
-87
86
-270
308
-205
-306
121
-42
184
-36
-133
-68
276
-340
94
175
141
224
-243
-4
-282
-6
-196
-36
176
277
-258
177
148
-193
50
-94
-152
85
-12
112
59
-426
-234
350
-4
-209
99
24
47
-241
-364
44
-120
-159
251
-158
-65
-57
231
260
289
105
-187
330
392
-54
123
-89
-321
-491
-31
-288
62
-45
19
185
-209
154
-150
296
191
143
-122
-334
279
-51
155
96
-252
-197
44
-41
-166
224
274
-35
52
-33
-138
-185
-191
-134
-83
-289
395
31
312
257
-157
438
237
-273
170
383
-372
206
-10
308
-42
115
-3
21
-75
102
-163
-231
-7
312
-160
193
324
32
-363
167
75
212
143
2
77
-144
428
28
-118
-205
-53
-450
191
-170
161
179
157
250
17
46
56
-271
323
375
-159
-403
-30
-55
66
-21
63
423
-312
319
-104
66
245
-227
321
-191
400
-20
-15
218
375
203
-57
-178
-255
354
149
323
-382
-117
-183
176
-315
50
156
47
144
71
-11
142
0
135
241
-82
248
-201
-202
-335
-87
259
246
-42
486
-6
-13
-5
217
283
-270
300
-205
-397
-155
-192
-104
-100
-392
319
114
226
315
-165
-245
-237
267
-243
18
-275
133
-19
41
111
193
-156
-169
-135
-55
-41
66
387
97
-75
-234
-68
-68
-95
-157
-125
-459
86
36
-144
-60
10
198
309
60
280
-15
-159
103
-358
-100
15
289
-53
217
-15
-37
-26
288
24
89
144
214
-90
-396
101
-104
202
167
168
-38
-118
267
-322
72
374
-291
183
83
-60
-17
33
111
-52
-2
-161
-49
20
-304
-202
-125
-456
42
-95
-181
77
-114
33
-78
112
199
-111
-47
217
193
-150
121
62
-198
164
-258
-188
48
39
-206
391
-218
94
-163
134
292
-307
-177
-198
296
-344
-234
-24
-197
333
290
-168
-150
70
63
277
121
33
91
-22
-74
-80
-105
247
-426
43
66
321
-397
281
185
-5
-99
-83
125
151
-312
-157
-267
147
-119
-362
-129
90
-167
34
350
-21
-50
239
224
223
170
150
-28
39
-164
432
48
-284
-73
-24
-201
-233
176
232
276
-56
56
413
-97
-369
-355
-419
33
117
362
102
369
240
-419
-24
265
-96
122
48
-93
-25
109
-411
-142
55
213
249
487
118
-236
395
-232
36
-262
-185
-41
-32
120
-201
146
139
147
98
177
-27
-85
-245
-42
-380
368
314
128
-151
-332
-100
115
-182
-74
173
-444
213
-183
168
98
-221
71
-6
80
201
-167
-76
78
-114
404
-157
-168
97
-149
87
47
-22
-1
146
70
-49
-209
-251
-60
-18
29
-180
-189
219
-13
-190
259
28
-106
400
-50
-129
-191
93
-300
86
344
160
-110
25
-210
-22
-223
81
100
237
-336
74
-250
21
-50
24
-16
-237
60
301
-79
-421
-257
-365
46
-21
250
17
71
-60
-122
-33
-320
-129
-93
177
132
-59
-108
31
259
-212
-160
4
-177
-399
-235
-74
255
72
110
125
-228
-263
-452
-45
361
-323
161
182
148
99
-16
258
125
298
-59
465
279
-15
134
-67
66
-4
31
38
-216
-127
4
-337
-196
322
266
357
-311
44
-334
340
-319
443
-136
405
62
206
-113
187
-107
-236
47
-193
130
119
-249
390
108
57
168
-38
408
224
-214
217
94
84
-164
-336
-177
-241
91
144
342
223
43
229
340
-105
-46
-15
-304
90
-218
120
-415
-146
-17
6
-27
-331
-317
-430
-29
35
-269
64
88
431
127
-289
-175
141
-182
222
181
-34
377
-307
8
-199
56
376
-253
100
204
-182
46
-301
78
384
-253
28
7
153
-251
194
-42
184
-252
-66
-56
-335
-156
-49
-160
-75
39
117
50
-158
90
60
61
93
-242
-385
-132
318
-88
163
-223
127
20
-167
74
-1
18
84
85
54
39
167
95
190
32
-53
-348
109
-249
124
-257
-289
-387
304
340
362
-56
-43
-168
35
83
-242
-175
339
-120
-219
312
403
51
92
-269
154
-79
-300
-114
-47
38
-109
249
126
155
-64
136
-153
101
-330
259
-89
15
-51
-347
387
-38
-9
-33
124
-86
68
156
155
125
100
17
-39
-140
107
-377
-378
12
42
-378
-171
90
-2
412
-214
80
291
191
-29
187
-85
-116
-212
-55
-126
-53
85
-290
-108
35
-457
16
-6
61
-45
317
-41
115
361
107
159
-231
74
-106
259
253
-428
75
304
2
-232
171
-326
86
157
-63
-85
9
-175
-144
-49
383
362
-4
159
-18
113
-244
330
166
-164
-30
2
181
212
-96
165
340
245
-388
-158
63
33
179
49
-186
-95
336
125
-103
-51
-60
-59
130
-99
345
-21
-101
-84
-361
291
84
-286
255
-168
355
97
-42
164
-146
348
215
41
-259
-8
-73
-136
124
-47
42
14
-146
59
50
-440
-293
-49
-164
340
-68
-160
-71
-85
175
-340
109
-92
283
83
-105
-297
-22
-82
-88
34
-92
-124
-375
-61
73
214
-43
-409
126
-240
-227
6
48
303
-256
125
200
-136
89
-226
247
-160
184
-12
-40
24
52
228
393
0
-274
-42
-69
-89
-13
99
-282
105
-20
366
-44
154
197
-26
82
249
-155
220
-179
-32
82
-61
105
-79
130
-166
-120
-227
-233
189
281
133
-317
446
-319
327
-274
163
115
42
12
-152
89
-154
411
164
244
79
-85
11
415
129
-129
-17
56
-432
98
205
36
183
-122
32
-178
358
309
134
25
-147
56
457
323
-58
-46
-452
-232
-62
3
271
-37
84
228
-121
101
325
-82
-20
-93
448
-262
-138
-75
109
-278
203
200
216
129
156
332
215
187
-200
394
-281
205
-24
-261
34
60
-7
-330
57
-439
-287
-2
37
-313
0
-35
-274
201
63
38
-98
138
151
96
249
168
147
-26
145
334
15
-110
-210
-333
140
244
238
170
29
-201
286
188
-105
-273
241
140
-382
36
70
-363
68
371
417
-36
322
191
-2
-48
-259
-182
-132
-290
-74
363
71
238
50
28
154
-79
73
-220
63
-115
-189
-97
-84
241
-97
-74
143
195
137
-83
9
37
164
167
3
6
74
234
116
26
353
-127
-21
-179
218
-164
384
-99
-176
-454
180
-72
-156
150
42
-48
-72
-56
-387
27
30
-328
29
196
125
205
305
-144
-220
89
115
-2
120
-26
-72
315
-347
-90
33
-302
-19
27
-72
91
-118
84
97
236
-234
-107
-353
-217
8
-372
-169
278
-349
-12
-55
27
-5
-244
94
335
48
-275
-164
121
-137
-4
203
-101
-262
155
97
150
-193
-176
58
57
-10
84
-93
113
-172
280
-230
-380
189
-304
-34
44
-148
101
-218
-246
-39
181
118
139
-142
-161
-1
93
-206
-136
-21
-119
5
-9
-95
376
171
-180
63
169
-249
-377
198
62
187
11
-94
-68
-14
-6
-92
-35
178
400
189
-231
150
-320
23
-133
-153
82
-136
60
360
-298
116
156
-118
-90
281
-402
38
150
469
-59
-407
116
-191
218
33
304
199
181
25
-63
-33
-88
246
266
-121
-190
92
-257
44
-41
258
79
170
-138
-305
-341
-277
55
-52
-145
-62
95
353
-309
-286
-74
128
-99
-115
117
-177
350
-133
-32
159
-160
-327
9
-271
-222
-192
-142
81
-262
45
-44
182
-125
-441
-313
240
233
-44
-138
-85
-81
162
83
-97
153
-306
-16
-106
195
-195
-162
395
145
5
53
-47
120
-50
-472
218
-199
219
-101
-83
-136
-46
144
174
-222
378
78
-275
-19
-305
-288
-4
-70
354
-5
59
29
-302
-78
-32
-72
-20
-473
-39
-302
-241
-252
-449
-116
172
156
-31
-68
73
79
11
-16
57
84
233
59
353
-159
40
101
93
-137
142
-91
-40
120
-117
-70
202
23
-47
-55
27
-209
-35
-390
381
189
-87
-113
83
141
9
-155
-153
-284
-117
-167
178
-7
-331
35
142
302
-36
-110
9
-167
153
-102
-228
126
124
293
45
-66
-155
95
-174
-38
320
34
150
-19
428
354
-399
311
-376
-14
210
194
20
100
-273
24
-151
30
-240
-39
288
74
-203
-75
-328
172
103
-49
75
-42
-16
-64
-237
181
-61
-253
30
7
-328
210
403
201
-8
-28
227
168
-422
242
118
-115
129
-95
296
202
379
7
295
16
-8
119
41
-178
-166
76
-187
134
117
-406
-428
-202
-85
-252
-332
158
62
348
-75
105
-77
168
-407
12
33
65
-313
29
122
-40
188
256
4
212
128
-199
-144
343
44
200
-150
167
-185
-279
-318
264
-135
38
-36
351
247
-218
-10
17
97
-31
-113
-159
-28
296
127
373
51
-178
430
5
219
18
27
202
27
-315
-196
121
19
-231
-171
-404
-58
24
-263
4
-172
68
9
1
-48
310
107
134
-340
248
1
-167
-421
149
61
-226
-299
89
-176
-387
-165
-103
-355
103
-57
-63
206
81
346
-203
-77
335
-194
-169
-293
-168
-19
94
110
-156
261
-370
346
-71
-29
164
-312
296
-43
136
229
41
40
141
38
-234
347
219
-331
59
25
38
63
-134
313
442
-187
223
5
-125
310
-128
-216
186
-234
-252
-77
302
101
345
372
278
219
-51
-287
225
150
259
-8
109
71
-134
425
-69
-303
-375
-17
-231
55
-113
-153
-287
-375
117
239
160
-137
-123
-366
-6
92
196
-167
132
-229
299
-71
-46
147
-268
-364
102
265
-160
-6
155
367
137
-47
180
-337
-462
329
-339
-29
-19
137
-205
-258
-94
-202
-330
-50
-376
221
-182
-134
54
-242
136
-305
-163
39
-309
-395
-181
179
-108
114
-74
-144
-454
-137
-112
273
279
-238
-136
-13
-164
6
-79
115
265
-30
406
-77
-44
-20
-322
273
78
460
-278
-38
-130
444
-358
428
326
-22
19
-172
-264
-114
150
2
121
-83
165
297
28
259
10
-217
207
-60
-184
324
166
-406
131
47
86
108
40
164
135
136
146
187
136
1
-59
4
118
-40
37
338
-255
-151
-214
80
113
104
263
-4
430
151
131
307
63
185
-121
-350
-34
-196
-61
-95
-21
34
169
-95
5
224
-284
18
62
-187
261
-397
-293
-24
127
-156
338
144
-235
-46
-134
-104
124
-240
-229
233
-116
157
25
-284
71
-56
-105
-7
48
-472
114
-312
371
4
438
174
37
-381
66
214
-411
98
-55
-16
106
-147
-56
-35
72
64
-95
-286
107
-361
70
8
87
42
378
-135
-378
2
144
434
-68
98
113
-229
76
-290
-126
-23
70
-146
178
226
-128
391
98
148
-249
106
88
108
14
168
-92
-153
135
-42
-77
3
229
277
-221
3
-78
-65
-43
-168
92
195
193
184
-27
119
-218
-25
154
264
-242
236
-65
-229
-64
394
67
-184
-155
-100
-133
-50
23
-238
206
-201
199
-65
369
148
340
-413
-204
400
75
249
-303
-94
2
-167
37
171
358
22
-100
-57
71
49
227
157
187
331
-66
-218
-328
-4
-108
15
86
-228
-204
-127
129
-237
-97
145
79
88
143
-279
81
-96
-390
308
-173
-204
-79
6
110
-447
-41
261
243
-193
-15
209
-134
56
-376
-127
120
55
230
246
196
89
-375
252
-238
119
211
77
263
-207
-40
-126
98
349
273
346
171
-116
225
203
316
-5
170
-4
97
-202
239
319
-14
-175
195
-101
-91
295
175
45
179
-245
303
-18
-208
101
177
63
103
-28
233
-154
-123
21
-12
53
-283
60
142
-102
-139
74
78
303
-138
123
218
-30
136
107
267
345
-112
414
-183
-53
-88
-67
-154
76
272
-44
76
-106
-157
-58
-290
383
249
167
49
-323
150
-262
-23
269
-68
-10
-175
90
247
256
-389
-26
-55
11
154
-19
-131
-108
57
107
38
91
76
-128
192
125
-145
267
-280
-17
41
92
-40
-357
-228
165
377
-33
38
-103
113
469
-77
-245
-94
-37
215
92
406
-418
397
-144
-168
169
10
165
40
49
-114
-224
-64
176
-229
-96
284
144
304
439
-120
94
-115
24
100
-26
-86
10
330
-313
400
-207
-234
-394
-45
19
87
-18
152
160
8
-306
266
483
205
-92
-112
-128
-383
-406
-91
39
120
-86
392
106
78
1
297
62
-228
96
110
93
195
69
318
-208
234
-181
278
239
214
35
-43
-40
333
-152
41
-244
-47
-155
-74
-89
-220
-33
81
279
-83
-222
-214
-267
-212
107
245
1
-64
73
73
-125
203
-28
164
289
279
54
-77
-221
126
161
382
-186
285
252
-308
4
41
-206
-18
176
486
33
94
-156
436
-362
-294
26
233
222
310
-37
-72
232
85
193
320
-272
125
13
-108
13
61
-191
108
168
46
-238
86
-65
116
-67
154
-5
-68
-282
-229
103
-109
179
331
119
115
-246
-162
-109
-185
337
-44
35
27
233
-63
70
229
-2
-83
-53
325
135
96
-67
11
185
-211
-109
15
178
-149
-80
204
-31
-26
368
77
-55
-133
238
-369
104
-191
-46
-408
13
-433
-1
36
142
204
-58
-133
70
252
-172
-307
65
263
-47
54
45
232
1
42
-93
-95
72
-217
234
-54
66
-191
-120
-5
-36
-216
-77
89
-35
131
0
-34
6
9
13
236
161
185
209
-58
407
263
-358
-28
-233
307
1
-131
-165
322
318
6
165
122
51
-365
-457
64
39
-190
133
166
333
-306
-7
91
-88
232
-27
14
252
-303
-19
-145
-208
126
131
-100
-237
-389
-239
-219
395
-20
-174
-153
0
-153
170
396
-71
37
171
-208
-99
-115
-242
-50
-285
-83
-194
-296
-172
-104
-95
43
315
-249
9
220
200
-126
-48
249
161
-201
-160
-240
112
-249
-176
243
166
75
-255
-343
-38
31
-347
423
-133
-24
198
-217
73
409
-93
-461
37
-96
-181
169
-176
-98
14
-188
313
-107
-3
-365
273
-35
-19
-433
-174
-268
19
-87
-224
127
30
-151
-182
89
194
273
-380
-395
215
56
276
142
-24
146
-356
-60
47
60
49
196
90
248
-135
110
122
-169
-23
-186
161
-288
103
-333
246
65
14
-61
-168
203
105
-146
59
-192
-143
21
-105
52
171
-269
158
79
67
-362
-90
374
-223
304
-275
-2
-307
128
-164
-300
205
146
152
-91
-97
-293
155
95
163
23
166
6
-398
97
-8
287
-89
21
-52
-42
62
152
-254
290
-111
166
-232
-468
47
-19
-289
-469
338
57
103
-280
-70
74
-297
-23
-73
-17
-235
-134
-168
-72
185
251
-122
52
22
284
234
-332
-110
-232
89
315
-270
394
110
179
-49
355
-234
-105
-48
-165
45
-277
17
-128
34
102
84
97
371
-431
-111
346
80
68
-17
147
279
-381
135
87
-238
-128
89
49
-46
29
222
-179
245
153
52
92
-305
-166
139
308
-383
-251
353
-85
39
79
19
-29
26
316
-65
-367
-107
-63
-232
21
-210
453
-176
-42
-348
-163
190
-420
36
-175
256
328
324
91
108
-192
-187
-205
299
-469
161
13
-9
27
227
38
-19
-170
-224
53
-416
344
-439
-321
-87
85
-223
-89
-478
283
399
-92
-81
-118
-117
173
-34
399
-246
107
151
159
57
-72
224
414
193
-21
224
326
124
397
-129
334
457
169
336
-108
-99
57
-117
-420
94
393
-106
93
319
263
-244
106
77
55
138
12
50
-119
131
32
432
382
-232
210
-367
403
-78
264
-136
43
-431
-157
-406
80
-60
120
-120
-226
34
297
76
43
16
-46
-85
8
-13
-198
-36
-73
-371
283
-45
-8
-283
68
2
2
27
-88
167
-82
93
-100
432
289
-142
56
18
49
192
-168
105
193
-211
-31
-96
-164
-71
-258
118
125
133
-434
273
53
175
-12
-73
125
-23
51
251
-85
385
27
-17
-10
-197
36
-233
208
224
-465
-148
-103
115
-324
178
-94
191
45
-164
31
61
282
-107
-192
-257
61
107
-296
-436
-43
0
-348
-76
185
-176
-11
442
213
-113
246
-19
-252
-237
335
35
100
-127
90
2
-75
-59
200
-173
331
-173
4
28
-129
-263
171
78
405
-202
250
-312
339
24
-408
-60
-265
137
159
318
304
286
189
-409
-233
122
-244
88
93
-247
-310
349
114
84
-117
-370
9
16
-42
311
-328
32
-175
-345
451
155
-391
-35
253
-222
-60
-412
44
-130
140
322
203
61
272
-317
264
97
57
-458
31
173
188
155
60
140
-5
-447
32
85
0
-194
-17
291
-157
180
417
68
82
-356
-195
-40
371
271
-68
-176
8
10
149
-206
-140
-178
-19
-395
167
206
115
-192
215
94
262
-157
390
118
-102
4
101
253
380
269
81
-160
-77
3
63
-21
-20
46
-167
300
-39
166
152
104
-133
-110
60
-114
258
-285
49
-272
135
188
-382
69
-339
-135
-308
-151
289
-361
-69
30
-260
-51
-102
-14
-129
363
-383
-218
-85
35
-8
-194
87
-465
113
299
-418
60
-71
-256
-73
9
300
138
234
-51
421
134
296
-61
124
66
90
243
57
-167
134
-92
-272
-318
222
-275
-64
342
43
54
71
48
170
40
-213
-66
-84
-312
57
-196
78
-175
-406
276
51
-73
156
303
314
-167
221
63
-209
-183
36
232
-405
-445
41
130
135
-47
177
-264
111
-148
54
87
-127
110
-493
44
158
67
18
-61
-295
366
22
-406
-253
165
74
214
-131
224
-91
-341
247
-148
-137
85
264
-256
-325
-32
-4
192
-338
-4
77
161
-229
338
-65
247
2
-210
408
12
214
293
-271
-311
-205
-171
-108
264
217
-310
-109
-66
-41
123
329
-64
-190
-153
-90
-240
42
-48
-198
-276
-34
164
-126
-63
350
-6
310
127
227
-247
97
-150
67
-52
-113
72
-172
56
-260
125
-115
-340
-269
39
-175
-24
-59
-249
-374
-255
-176
185
212
2
-63
210
-131
-282
62
-29
55
327
-312
-404
-428
113
-121
282
114
-16
8
-253
-301
-389
-130
62
-35
-41
-322
-136
-153
166
-83
-71
128
-173
86
137
-133
-373
314
-199
193
-130
-157
374
-9
-136
-107
30
-58
202
405
123
457
-105
147
16
-26
-100
208
-206
-366
8
358
-161
-166
120
-214
291
-352
-112
-283
380
135
-267
-104
131
5
-257
-46
-50
180
-60
146
74
215
-74
-37
-90
96
-100
120
-260
-79
59
-79
-198
-52
-140
-2
-255
22
167
-79
-34
-127
-227
187
-184
-203
-209
89
176
200
-74
-55
-78
30
119
217
254
75
66
1
399
139
113
-118
201
91
24
186
70
-207
-370
75
-179
-96
-160
54
-126
47
47
-179
-156
368
-112
12
-8
-41
-108
310
58
156
-1
-62
-32
218
-41
18
-78
-121
-409
-189
339
-231
-58
331
201
-280
-210
335
254
-62
55
177
90
-444
55
61
104
59
159
143
-169
82
-195
20
145
92
-112
-398
-151
-67
41
-162
-376
-244
269
340
-131
-183
-24
366
-98
152
-146
183
45
133
155
-193
81
-115
-161
-385
82
-402
84
-165
127
-309
192
-90
-134
-127
350
229
-3
62
-221
251
-417
188
-248
-13
-234
370
-15
-137
-154
-34
-82
-40
244
-4
-155
128
324
-53
-57
-28
110
-52
162
218
-140
-184
-2
-53
32
-9
137
216
103
328
-31
35
-208
273
-9
-258
129
-75
72
-266
-84
-54
95
80
64
-126
483
16
-208
293
88
300
215
-117
-37
-45
-202
-148
7
-117
190
-271
-18
-151
-71
44
-89
347
26
-121
-157
342
-79
-206
4
375
-188
124
309
57
-129
158
-238
-67
-185
-307
225
-283
370
-49
58
403
103
-113
146
265
124
-137
-214
203
175
199
-37
-4
78
-405
-12
-90
79
-60
23
-317
43
-24
-26
-107
44
364
260
-307
319
94
-45
-71
101
-204
313
121
324
-87
-341
334
207
251
159
-89
213
-94
-36
88
374
65
-269
-19
7
179
17
-47
289
16
48
-151
218
88
-137
108
-55
-50
336
257
-24
375
68
267
-241
-93
159
-202
145
-215
-154
307
206
-255
34
39
-41
196
-321
-111
-66
268
-433
145
140
-260
-51
93
393
-157
70
9
26
-70
-443
27
-33
35
192
-130
-302
287
53
-32
87
224
37
-55
-405
-39
-245
-22
-138
-262
-204
46
-345
-144
-121
32
208
-31
-132
216
-76
262
-334
139
-37
3
-13
-159
-307
-31
-2
-27
23
246
-157
286
115
-96
32
-4
-40
47
213
15
337
-256
-180
77
146
322
84
215
116
50
-65
-372
-116
-318
-229
-76
-46
-111
99
-279
29
55
-445
152
215
-43
-197
214
112
313
-202
13
-243
208
-65
-122
-31
397
69
-156
49
-24
405
21
363
-60
275
-171
-198
102
-229
113
110
-106
-222
129
93
53
358
411
-298
156
27
6
-12
57
-108
86
-64
188
179
442
-330
224
119
-158
36
147
-275
273
59
163
-69
49
278
9
-386
-193
-55
122
-10
-137
116
-306
-119
-47
103
-402
-142
-150
308
188
-232
-155
-73
-27
-383
117
38
171
352
-34
49
133
-6
-70
42
144
167
-228
-31
96
-11
342
238
47
336
320
174
135
-2
-178
-157
-109
186
393
267
406
439
-130
2
383
-118
121
94
-434
376
-346
-87
41
42
-389
-138
-92
-355
126
-47
-166
-127
68
-229
-22
-23
-349
-199
294
-208
-78
137
204
127
128
-437
150
44
-48
13
19
-6
125
-100
-54
340
-85
320
-12
250
-10
146
174
-31
161
-31
430
-37
-13
443
-112
434
-229
-15
48
-279
-83
-142
341
68
173
132
48
264
241
12
-397
165
269
43
-232
95
-291
201
-315
104
62
-160
-199
120
-17
28
169
-31
-222
257
122
-236
261
21
-171
-318
-5
-228
211
100
-96
-240
-244
-378
262
-272
180
-30
-441
4
-12
-246
-268
-45
-105
115
-213
-184
-371
249
-220
401
106
295
185
185
-23
114
130
256
64
-79
12
152
149
-186
-17
70
156
168
-186
-61
202
-101
136
-114
21
-386
-450
66
265
-372
116
-135
181
-142
-284
-14
-340
92
294
-96
164
140
-33
200
25
-156
18
-233
126
-22
-249
-109
-55
18
-263
-292
-16
-216
-77
39
70
-40
-377
-405
30
-10
-123
59
-256
346
197
40
66
-325
-330
-88
131
-184
-45
17
24
193
145
-256
-163
-411
-4
-10
-409
-211
56
-5
37
97
138
40
-166
234
-304
38
98
104
53
-13
-171
-58
20
300
209
332
-115
16
-220
102
269
-117
-3
91
-122
-194
148
297
-402
191
161
-106
2
-355
274
131
-303
58
93
93
75
66
8
-144
-81
-129
3
-2
-109
-36
326
-3
-97
193
44
1
-156
228
463
-28
203
-110
437
204
-450
358
34
221
-94
-245
96
44
-24
-401
-339
334
265
-363
258
416
65
56
-407
-331
319
59
96
-202
358
328
341
-19
16
-150
-143
-119
121
127
-207
-452
348
263
-22
-316
-31
408
343
-208
-40
107
218
190
-7
-10
15
409
-207
-134
-225
-37
382
178
-409
-9
193
331
-83
278
-448
-100
-266
149
48
215
107
242
-234
318
111
-355
-95
-211
-373
-77
-237
-38
20
9
101
-1
-303
-28
-119
-148
18
167
-119
93
111
248
-317
122
38
-432
-468
249
-147
-54
81
149
-477
-191
-1
-304
229
-282
-38
-329
44
-243
17
341
-17
-197
315
-80
-72
174
231
-104
-68
145
-151
242
-113
-155
325
-3
85
24
126
222
134
-298
-356
-165
267
181
181
-187
14
-53
318
-221
-249
-63
149
-45
130
-320
-106
-1
-125
-177
-110
207
-37
21
-47
95
-330
-293
115
-138
1
238
-262
217
-12
-87
5
86
-135
370
279
-305
-378
-150
345
-470
-71
-150
20
163
435
136
144
463
447
137
-59
177
-20
221
-241
-110
-317
-167
183
-148
134
19
22
-312
28
314
175
-23
214
22
-133
-283
130
-150
-241
147
103
-65
-52
-42
21
234
-186
-121
384
296
-227
129
233
-95
379
-251
-49
101
-178
-186
433
74
282
9
146
-69
-324
88
43
-153
263
-290
377
76
-360
140
366
-147
98
335
-251
159
-132
-99
210
-132
-273
419
-320
-236
-10
163
13
-62
-125
173
36
56
236
-285
-27
5
-320
113
-251
-89
57
-44
164
35
319
180
-56
40
-241
26
169
138
-374
-129
67
111
117
-68
-299
198
-271
357
5
-126
10
-329
-274
-8
163
115
214
-205
39
-147
98
321
0
49
342
167
-343
-170
168
-367
-21
-387
-142
-255
-211
-181
-75
-355
-380
-56
172
-133
-40
27
111
473
-141
-23
-235
81
-77
-222
347
-247
169
76
-191
-232
275
132
-236
267
183
159
-206
269
-407
19
120
-429
-177
319
156
9
50
357
-69
114
-78
-43
-103
121
45
178
95
-130
-149
-104
214
72
-172
257
12
-43
142
14
120
-211
119
-268
-284
-235
114
368
75
-218
243
-268
-4
81
1
315
104
-229
246
2
23
215
69
143
-73
-193
26
26
-30
118
-248
-309
82
-94
-46
153
145
19
-233
-25
-451
-338
0
-275
-389
41
-255
-187
-120
-118
-138
195
-189
327
-148
-46
-183
-297
-417
-239
193
168
-82
-301
421
-275
186
-20
-161
-375
59
23
197
130
286
408
83
-340
305
-291
-280
-191
232
206
142
248
222
-37
253
-13
214
-216
241
21
36
47
-116
349
402
-88
230
-126
265
-100
139
163
64
-148
219
-398
-167
262
116
-94
192
-18
199
21
206
303
105
-111
-371
-82
166
-406
11
-255
213
-118
191
144
247
-445
159
-12
-7
-260
-205
-369
325
35
-21
233
65
25
-418
-31
-338
184
-170
111
-259
-365
42
-15
29
-198
240
-196
154
-73
140
-127
-176
-39
19
174
-121
-161
-57
-183
207
124
-109
382
58
21
238
116
212
280
118
20
31
-43
166
-193
-117
63
124
233
-50
86
-161
-201
-106
381
118
340
-85
438
-29
-18
-327
34
-278
468
92
246
-1
369
33
-152
98
166
-157
80
-287
208
-213
292
64
-460
-155
-34
-127
-384
-115
-392
232
-127
220
18
-159
198
29
-66
121
250
-340
55
204
175
-196
-69
-209
183
47
234
397
8
-203
-96
461
-262
-416
167
-168
23
-268
-68
-363
159
-84
55
17
37
82
-12
-260
-11
256
-199
-311
-18
208
69
-274
-294
12
148
-69
30
-30
-184
214
-165
-90
295
-197
-283
-136
145
109
78
118
28
-38
73
-360
-137
-272
-55
-126
337
-207
238
-73
-197
-73
370
-392
-449
-473
97
-138
-55
223
340
69
-46
-127
-103
-285
36
-79
20
-51
-84
-362
376
6
224
235
-122
9
17
352
-110
-358
175
-80
310
-297
-330
399
30
30
-295
391
-236
-197
-256
132
257
214
-102
350
366
25
197
8
20
-10
237
-87
46
-346
194
206
-117
34
225
-270
160
166
-267
-241
-348
31
12
116
117
357
-228
167
-4
-205
21
172
4
-33
-149
35
76
396
68
-90
210
-196
223
193
167
285
-5
-118
55
-134
-30
319
-215
-80
285
300
-93
-24
139
65
-188
-112
198
162
316
394
355
182
117
32
-115
-121
-370
-49
-45
150
188
79
24
-97
129
-326
111
-207
-248
256
-63
-159
146
-97
-49
-86
-99
-74
216
-406
-313
-76
188
-87
-285
206
-148
-31
65
93
-254
-86
394
94
356
-184
-481
-43
-119
-106
375
94
-116
-358
342
-118
-192
303
-40
-160
-131
244
3
-322
-172
-311
-57
-277
135
-169
275
-278
-52
-174
232
15
29
-352
359
-415
11
-164
-24
-9
45
102
6
-342
-182
-181
187
62
-52
-112
149
-227
-246
-27
-128
390
401
115
20
331
-85
-281
148
20
85
-76
281
-72
-271
-170
-124
4
333
122
147
-25
81
51
-220
23
-257
-197
8
-171
-55
-271
75
13
-185
-29
60
-83
1
-65
91
-206
66
-331
-76
-146
262
90
-100
189
165
102
276
77
203
87
435
154
-455
-239
-33
-33
-121
-79
124
-101
43
49
-346
-29
58
-189
8
17
14
-91
-80
-269
-160
327
-133
103
-43
-58
400
208
-215
12
-151
-112
-353
39
-91
-197
34
8
91
-145
-247
1
62
-10
-59
184
-155
-130
-33
170
-96
-69
-307
-243
103
-197
125
43
-468
-388
-68
-83
222
157
-163
-87
-281
-42
-111
-44
50
188
109
-23
44
-35
4
-108
51
36
-33
-25
12
-179
46
89
-73
345
85
-194
-321
34
-253
-112
-253
-110
-92
157
-217
52
-76
-272
71
204
278
127
-140
393
98
-226
71
196
56
-149
-122
271
-370
40
163
-214
253
130
-147
-283
-165
14
125
23
150
47
-15
-299
-386
-214
228
-290
-76
101
-231
268
79
167
-145
32
275
-176
136
150
172
-180
-367
183
45
-83
63
-95
297
-117
51
483
-145
-141
-292
27
-59
-408
91
12
216
50
32
81
299
-92
-151
226
-337
419
422
329
402
-356
158
92
-122
65
319
344
-261
82
-277
-295
313
-132
-160
148
-119
-390
-266
417
-182
123
-92
-169
-387
337
-1
-41
264
161
-130
172
48
223
-437
70
167
-23
130
-225
-237
-300
-161
-381
-183
349
264
183
-86
303
230
-268
-102
-27
156
7
373
-209
254
-88
117
76
116
-447
-162
-230
-332
173
327
52
5
-54
-28
323
95
158
155
78
-136
-248
19
133
151
-238
119
-252
37
107
-67
107
60
267
-237
188
293
-159
1
-1
296
-41
-223
-310
456
99
-29
42
190
-248
120
-170
28
-27
173
65
-433
-183
150
100
310
124
147
123
-133
208
-256
24
37
-98
-234
-377
-231
-16
-71
292
-9
478
363
-59
-181
332
2
-119
136
-34
-144
59
53
-300
-346
-322
-265
51
-132
179
-381
-87
101
108
-18
106
-139
353
-90
-197
203
-241
122
-173
-248
-388
181
-168
93
5
77
351
44
80
179
220
300
133
73
-116
-51
111
265
66
-126
-34
-236
-175
14
-95
40
-25
12
-10
355
-109
240
140
-28
183
183
-21
233
-255
218
89
18
-317
252
116
-419
115
246
256
-249
-153
-395
125
16
-76
-47
-11
-18
55
-226
-112
204
-86
-68
-387
-109
316
65
77
-10
-232
-144
52
-356
396
-323
277
21
240
109
454
25
-60
-165
-393
-127
-224
-91
320
58
-399
405
-150
176
-360
-70
-380
133
163
28
75
232
40
-64
-72
126
-336
241
-234
153
252
-106
43
35
24
103
-60
-28
247
108
109
92
-331
319
-222
281
312
-160
248
-104
-345
363
249
345
179
-63
183
40
-205
110
233
234
-353
-46
-141
227
282
-47
-351
-54
208
279
-431
-97
-185
-67
73
29
177
263
87
-121
225
-138
374
213
-196
-164
279
455
96
-50
331
27
-84
-358
-260
49
-104
-76
-242
-70
29
153
-85
-184
97
164
135
-68
-24
-196
221
278
-197
316
225
221
36
115
-322
-53
373
-74
207
-210
56
-189
25
-52
46
59
-206
-442
76
454
-142
153
71
-72
-137
-4
-46
-435
242
-210
-179
16
78
254
-8
-251
-157
-416
-68
-295
13
-216
60
316
53
373
-83
-104
-218
-35
-279
415
-388
-267
293
139
160
233
357
152
235
-388
212
-248
207
196
-207
218
238
-59
81
-47
-101
-234
-78
9
159
267
-314
-21
-253
288
-169
-238
-111
-117
321
214
-77
153
426
167
290
-58
-93
-184
389
-69
56
-1
-175
88
127
-164
16
-1
136
245
184
81
38
-153
-285
-342
277
224
-99
423
-290
71
56
-236
-91
-288
-7
-23
337
-1
-102
346
401
73
67
100
-126
20
14
-258
197
377
-38
-238
154
42
-290
-287
-72
29
-136
174
18
123
-44
77
47
-106
432
-86
-66
92
11
-175
-51
-83
-72
48
131
170
-457
-246
98
258
335
-244
216
105
-242
88
152
-93
-12
-38
-199
288
27
-398
85
-187
196
-48
130
-116
3
252
-183
10
-131
4
-295
-47
254
-206
-166
243
138
10
-96
77
-114
-86
318
86
-12
105
115
-18
166
-151
267
75
-127
-215
-144
170
148
13
124
-168
-146
40
-101
36
298
-376
399
-317
-290
472
-99
-3
119
-171
296
-207
74
-73
18
119
276
-174
-162
-217
51
113
43
-263
223
-9
-10
-142
-154
229
25
82
323
2
-213
-67
390
91
-113
-91
-20
-34
-44
-242
-38
-248
-434
118
256
45
42
39
317
132
126
-121
2
72
35
-431
-192
143
385
261
-18
189
-8
-153
14
-190
47
-147
-4
-37
165
209
363
399
-184
-107
6
13
122
-52
259
41
32
-114
262
140
-124
-57
202
356
-212
236
-76
-57
8
278
-80
80
58
-130
-307
-50
-207
-125
-9
-307
324
-141
-73
243
-177
114
-35
34
196
48
-223
81
134
-42
-9
-63
40
-325
-199
25
-170
79
-52
-153
-394
1
-405
65
-290
-15
58
-45
147
-65
-80
-257
-111
139
22
311
48
157
-177
-221
-73
93
139
-40
-52
-259
260
195
-49
104
-67
59
-129
-214
228
-58
-216
-235
-223
7
341
-464
-115
22
64
128
19
69
20
4
-326
118
-126
326
108
-3
-182
-396
-45
-288
-133
207
-285
-339
34
268
118
-284
-115
-54
-139
172
-35
-424
-278
92
93
183
46
3
43
-120
109
-15
-404
-363
-138
120
-41
-73
34
-164
70
241
-369
-397
277
-14
-209
21
-118
257
24
272
72
-26
-168
-39
-282
408
187
-186
-449
75
-100
262
211
3
-138
-97
-327
377
149
328
-445
-441
19
-168
-219
-18
-231
-8
144
423
-22
130
-278
-358
114
-360
186
-93
31
196
-26
-117
324
-164
337
-96
71
-84
-229
120
-51
-54
316
15
-283
293
229
-203
81
265
39
176
-65
67
-31
1
-30
137
240
284
166
-152
-257
91
154
90
-406
-184
-46
232
58
-178
86
-50
-153
-38
63
-66
303
-28
250
-28
-62
243
109
-94
-128
-36
299
-36
123
-359
-318
-34
290
-7
169
410
102
220
-27
-76
-160
-350
-291
101
143
255
-106
204
182
49
304
-249
210
353
-288
-31
-15
-52
3
128
80
83
164
249
48
-122
-358
-319
-21
93
89
64
424
268
-32
-343
198
247
49
49
50
66
267
-265
222
235
-42
78
367
-132
-18
142
-145
-288
202
-107
-53
39
-150
-213
-155
-85
267
224
118
-156
16
-120
5
289
-134
-84
89
68
162
58
-154
-384
59
56
74
-359
136
13
193
-368
-118
-405
-80
266
67
-388
-182
163
470
-24
227
43
1
27
59
-262
182
253
-21
92
18
-143
-51
225
229
225
162
181
-136
252
337
-52
-207
-447
-103
-151
68
43
18
316
-340
-109
58
31
73
-139
-146
-53
336
7
-99
182
-141
-235
-100
292
-320
-94
-313
-93
69
369
31
262
-477
-35
311
81
130
-38
64
-147
-201
44
-82
-27
-115
139
-116
-233
165
125
38
-121
210
418
70
44
-376
-76
-292
234
149
-127
21
178
161
27
92
252
27
-243
75
251
-148
7
-387
38
84
-379
-357
-446
6
-446
-427
-279
98
-51
328
-291
-224
-401
-219
78
6
-225
49
-201
-208
-64
175
-347
-465
-190
-329
-9
-219
350
451
-110
-176
-431
127
161
-302
243
185
253
46
-5
-459
17
-153
-246
-40
-146
40
83
-140
-270
5
-109
-13
-426
-70
6
-31
50
48
147
237
194
253
-260
-173
-60
-419
137
57
13
81
-311
-419
-303
52
-289
-196
-22
151
-192
198
72
-111
86
-36
308
-13
232
-409
-94
117
-29
279
-382
21
-103
-261
-253
-12
184
-129
43
228
167
314
-25
101
-208
-130
368
240
-41
-193
-69
31
223
36
145
-20
-129
155
38
-49
-109
382
-173
-220
-203
357
-67
-239
-167
308
-115
12
63
112
81
-291
-179
-286
-62
-293
-452
-68
-92
20
-6
-367
-123
-314
-193
278
-74
13
-17
-145
-12
-320
-300
174
-146
-263
29
49
78
-41
11
-159
-256
-411
-382
392
105
-47
82
-183
110
-59
101
-312
-207
380
-73
82
47
264
-183
2
-235
372
-133
-313
-139
-247
220
277
-334
94
148
-127
-308
-46
7
-39
285
-123
-429
204
137
-114
-262
134
185
338
114
-315
379
-331
-35
132
-174
4
56
-113
-191
147
-147
172
186
-58
107
77
153
14
-191
-23
-106
-119
27
-160
94
-60
105
-100
-155
-166
-247
-294
-99
-310
2
51
-164
228
29
-231
53
258
-123
-82
-318
30
23
321
-144
-14
-152
-1
-154
-136
-43
-31
86
191
-104
-80
63
-356
-270
-236
93
-210
-3
64
-39
195
45
328
-58
-78
236
194
-305
-119
31
-26
31
80
-56
81
60
227
-127
-168
213
-272
-189
-376
-370
43
-71
-21
-68
-69
24
-21
-131
55
-137
59
-166
-21
380
184
-235
23
266
-94
-96
10
-80
-219
452
-129
-217
-324
82
138
46
-55
-163
-192
233
-29
-104
78
155
-397
-278
-42
-257
-47
81
-235
256
68
-68
-20
-138
-15
204
-11
-402
156
-65
195
198
245
295
11
-201
313
476
-286
-470
-144
-35
-308
-37
243
190
54
-54
6
36
119
-190
29
239
277
-44
82
161
230
303
-239
-72
101
-373
282
-44
-69
-233
160
-164
34
203
-245
117
-263
19
-297
-63
-5
229
214
52
380
-10
247
-273
-60
180
64
3
-56
-146
-346
-154
-12
80
32
167
-10
146
-81
210
46
136
-212
330
-325
-105
293
-370
-71
355
67
-16
383
-256
-96
-65
-5
169
-198
-43
-154
74
-109
105
257
-432
239
33
-227
-365
21
-111
24
215
72
83
-31
-335
-183
-67
8
81
-438
-315
-32
17
183
-94
-35
59
163
-247
149
-214
29
120
-191
98
-353
157
368
430
397
-338
-256
326
229
355
83
-101
83
15
-118
-332
-306
8
-28
-241
264
-320
-123
-15
18
119
64
311
125
-192
44
183
-1
143
366
229
-21
323
-19
-149
-125
122
-21
172
-103
39
202
-123
-46
308
233
-85
330
298
258
80
-263
284
-194
474
-265
86
-139
-169
41
94
-149
230
199
159
10
-324
132
-134
-380
55
67
173
117
-33
-162
-63
89
-66
63
302
132
-19
186
-24
87
95
-84
-132
162
52
17
113
-87
129
-12
-34
108
-314
117
64
-32
-381
-102
83
-221
196
-159
248
379
262
-358
232
23
322
236
-77
120
-4
223
72
-153
-145
169
-195
-361
123
-221
30
50
-235
-51
193
-12
-62
-303
434
338
-174
-45
96
-60
-153
251
130
-42
236
257
-144
117
0
216
112
-184
-249
-256
-227
118
-89
2
146
-391
299
250
-265
141
83
-229
-108
-57
-385
-324
-166
108
137
70
35
-38
-140
117
1
-208
-70
-51
405
-30
248
-16
120
-62
189
89
-397
64
172
136
-335
-108
128
-72
124
-254
324
-3
316
224
77
-217
-9
60
-171
184
86
-143
107
-21
-132
210
-141
135
-51
185
-347
-28
191
-313
268
227
-36
201
143
-28
296
-103
212
-88
-105
125
116
70
37
278
-225
329
342
26
354
-136
-85
-66
-409
-62
-134
-52
4
83
-296
-243
-26
144
109
32
-298
210
-427
45
40
-84
-76
148
201
113
214
141
335
-79
-4
12
-7
-341
-36
45
-46
-359
-28
315
-65
-147
-69
46
172
3
79
-151
376
451
122
-157
67
3
257
131
-222
93
64
175
144
328
-223
26
-154
-79
-71
-58
-41
-14
370
-126
146
213
163
-170
-251
-74
-147
115
238
-1
108
-61
52
167
248
-87
-203
-309
126
-95
-165
-79
-88
283
236
208
228
25
-385
217
-334
-288
334
97
193
-114
89
30
-91
291
361
-337
198
-15
256
-99
-251
-169
-297
92
-56
-145
44
67
-367
-6
-16
74
-224
196
-69
79
-38
419
195
-66
-191
-11
76
-65
-275
-159
317
-252
58
130
-62
-298
116
-278
-55
-26
57
54
405
136
165
373
-86
79
-11
354
-81
316
362
80
428
157
303
414
-405
-239
280
228
177
60
-147
26
358
62
-300
-74
-32
21
6
24
55
-2
-261
134
-152
-223
283
-100
86
172
470
286
228
198
-32
-65
33
-374
53
-85
14
-92
-250
-178
-224
-26
-144
-221
220
-87
-166
291
125
20
-419
-12
107
-275
-427
234
-56
-109
-112
-378
-205
-13
93
-171
-228
-351
22
-137
400
96
-85
169
-48
-66
-63
120
-351
-168
80
-119
253
-425
-79
-352
13
-19
-223
-243
2
216
220
177
324
-43
-30
-128
197
-50
-334
38
-92
-67
13
218
144
-63
297
-214
203
-38
285
-180
73
27
-12
-173
-110
101
311
368
-230
-106
-429
40
14
40
-111
-161
195
-352
-37
-98
109
224
211
-383
-387
-25
-211
117
328
-19
-9
132
219
249
9
240
59
141
90
-31
-244
166
43
-203
60
-333
141
3
148
-138
-108
415
76
-223
174
20
120
43
-233
-51
-29
73
238
344
-174
109
214
97
-156
158
30
-39
-27
278
240
36
162
269
19
143
-58
211
-70
44
-117
398
69
74
-77
136
84
120
80
-81
68
-20
29
-23
332
113
64
208
47
242
427
475
-235
-152
15
-221
-189
31
-37
314
58
249
-400
393
62
-67
283
246
93
-33
102
199
22
-434
-37
220
89
-2
45
-150
57
213
131
-1
222
317
-182
127
-189
-55
93
290
-248
-5
-201
69
-181
-257
-42
370
149
-170
-16
97
-360
127
-239
209
-284
-31
-393
138
-23
275
-407
95
215
33
266
245
308
159
-280
-241
492
244
53
234
6
-343
210
0
105
46
174
295
463
-312
61
312
-60
-264
72
129
-278
-171
324
7
347
83
59
66
94
-50
-274
-162
258
-42
-64
192
288
-174
-203
131
-187
-47
-381
-27
34
-224
-5
-100
-10
13
264
381
208
-225
332
-20
220
56
-108
21
-40
91
-3
150
25
101
18
251
-168
399
-21
-244
129
-112
265
-188
-108
-86
199
-161
95
12
4
450
-148
13
129
-243
-58
38
-35
41
196
-141
-83
310
-226
134
-129
219
-196
27
17
-129
-95
190
61
-4
79
130
308
1
-18
-54
114
-108
69
-57
223
82
-389
119
-28
59
94
29
-127
-59
-18
23
69
401
-131
-140
-330
-32
-5
-304
-45
205
-364
-51
-44
254
382
30
-83
-235
275
-33
124
201
-166
-114
112
4
-56
-124
-253
158
129
229
183
104
-305
49
-303
44
252
-255
-109
121
103
-106
-222
-33
21
-26
236
-376
-113
-16
-158
-144
214
-74
-418
-189
39
177
-75
83
193
-285
286
-366
-53
243
-141
91
29
175
-181
-74
22
-7
-91
9
-372
-7
391
28
319
-106
-112
-208
-147
-171
80
-90
167
205
292
335
-348
-57
-50
298
290
94
-85
102
-318
-178
185
301
-67
269
-17
250
-67
-202
-293
31
-10
99
-230
-246
-144
-319
302
231
122
-264
232
32
-15
-122
247
-96
-108
252
125
74
62
26
-62
-71
-121
-249
-365
59
164
104
4
-309
-186
-3
-1
-16
327
70
-54
210
194
48
131
295
-330
-17
251
-242
-84
367
249
0
24
122
22
-11
-100
-40
0
-197
48
121
105
64
-293
-9
82
229
-133
84
208
274
174
-87
-128
241
186
218
-470
164
32
90
47
-127
-81
-49
387
-335
35
-75
-286
355
316
65
333
-292
85
-19
33
230
83
313
288
-143
-148
-393
340
-10
12
49
161
433
-97
70
277
-310
104
-150
-20
138
329
-332
-90
81
-306
147
9
177
-135
-135
-141
-266
75
-158
-119
-110
19
-92
-77
161
126
-64
214
369
196
-41
201
-59
-69
-343
248
89
-180
-282
-276
-148
-88
81
-43
30
-37
45
-430
-16
-50
-240
185
-195
-31
88
1
373
6
-156
-238
279
77
-93
78
125
253
-291
138
-300
50
99
-211
36
-301
80
-2
-177
-206
-77
-323
223
308
156
-103
34
-11
-75
-37
245
130
235
-123
-31
-287
64
-333
-268
424
-156
96
154
59
-165
-258
3
-218
-145
-46
114
275
397
-310
-303
255
115
-286
7
-127
-308
190
398
-21
74
130
-252
267
80
-271
-242
-203
-99
72
131
-110
-47
216
120
-110
121
148
-43
-179
367
116
149
394
-272
-166
158
-89
167
70
-51
29
-180
-405
-80
408
106
22
-303
228
217
11
-188
82
-22
-153
-240
252
89
-98
-90
-152
-264
-33
-177
-172
-418
-45
416
-107
124
-15
19
260
-61
-156
-207
302
-207
-191
-457
66
130
-139
381
177
-65
269
288
96
-27
39
29
273
-97
252
-36
-340
-237
-228
-285
111
338
322
224
-350
-107
-52
173
112
290
346
-211
-332
-22
70
19
216
350
-384
75
-348
-13
379
-128
12
269
