10 20 5
10 9.7 9 9.6 6 8.7 4 8.3 7 8.2 1 7.4 5 6.5 8 3.3 3 1.9 2 0.4
4 6.8 9 6.6 1 6.3 6 4.7 2 3.8 10 3.1 8 1.7 7 1.1 3 0.9 5 0.2
5 8.9 4 7.7 6 7.2 8 4.8 10 4.7 2 4.6 1 2.5 3 2.2 9 1.3 7 0.2
3 8.8 1 8.2 10 7.0 9 6.8 4 5.3 7 5.1 5 4.5 2 3.7 6 2.3 8 0.1
3 8.7 4 8.0 7 7.7 2 7.5 10 6.4 5 2.4 6 2.3 8 1.2 9 1.0 1 0.4
9 9.1 1 8.7 8 7.7 6 5.3 7 3.7 3 3.2 4 2.8 2 1.4 5 1.1 10 0.2
8 9.8 7 9.6 2 7.8 5 5.1 1 4.6 3 4.2 6 4.1 9 2.9 10 0.6 4 0.5
1 10.0 5 8.5 10 5.2 9 4.9 4 4.3 7 3.6 8 2.5 3 1.9 2 1.2 6 0.6
5 9.4 9 8.0 6 7.9 8 7.5 2 6.6 10 6.4 3 6.1 1 5.2 4 1.6 7 0.6
10 9.4 9 8.5 5 8.4 8 7.8 4 7.5 7 6.8 1 6.5 2 5.1 3 1.0 6 0.3
5 8.9 8 8.4 3 8.0 10 7.6 1 7.4 9 6.5 2 6.3 4 6.2 7 4.9 6 2.2
6 9.5 7 9.4 8 9.1 10 8.9 4 8.0 9 7.3 2 6.1 5 5.7 3 5.3 1 3.2
10 9.4 5 8.5 4 7.7 3 5.3 6 4.5 1 4.4 9 3.6 8 2.2 7 1.9 2 0.4
9 7.9 3 7.5 10 5.4 7 4.4 8 4.0 5 3.1 4 2.0 6 1.9 2 1.1 1 0.2
10 8.9 7 7.4 2 7.3 1 6.4 5 5.7 6 5.5 8 4.6 4 4.1 9 1.5 3 0.7
10 9.7 7 8.6 2 8.5 1 7.2 8 6.1 4 4.8 6 4.7 9 4.5 3 2.0 5 1.6
5 6.3 3 4.7 8 4.0 2 2.7 1 2.4 6 2.3 4 2.0 10 1.5 7 1.3 9 1.0
10 8.6 4 8.0 7 7.6 1 4.9 8 4.3 5 4.2 2 4.0 9 3.4 3 2.7 6 1.8
10 9.4 2 9.2 4 8.6 9 7.2 7 7.0 6 4.5 5 4.3 8 3.5 3 2.2 1 1.0
1 9.1 9 8.5 2 7.3 6 6.8 4 6.5 3 5.8 10 5.2 5 4.1 7 3.1 8 0.3
