40 50 20
5 10.0 3 9.9 21 9.4 22 9.3 14 9.1 9 8.9 38 8.7 36 8.0 23 7.8 18 7.7 19 7.6 7 7.4 31 7.1 34 6.7 11 6.5 16 6.4 10 5.9 20 5.8 24 5.6 1 5.5 29 5.4 17 5.3 26 5.0 40 4.4 39 3.7 13 3.6 33 3.5 8 3.4 37 3.2 25 3.1 35 3.0 27 2.8 30 2.2 28 1.9 32 1.8 12 1.5 2 0.9 15 0.6 4 0.4 6 0.1
24 9.9 11 9.8 26 9.5 36 9.4 12 9.0 7 8.9 19 8.8 3 8.5 28 8.3 10 8.2 9 8.1 34 7.9 30 7.7 13 7.5 31 7.4 14 7.0 32 6.8 27 6.4 37 6.2 25 5.8 16 5.7 33 5.6 5 5.5 40 5.4 22 4.9 8 4.7 20 4.5 23 3.5 6 3.0 4 2.9 17 2.6 39 2.4 29 2.3 35 1.9 2 1.6 15 1.5 18 1.2 38 1.1 1 0.9 21 0.8
11 10.0 32 9.8 36 9.7 35 9.5 39 9.3 6 9.2 15 8.5 28 8.1 20 7.9 7 7.8 10 7.7 31 7.5 1 7.1 4 7.0 38 6.9 37 6.7 13 6.6 9 6.4 27 6.1 30 5.8 23 5.3 26 4.9 40 4.8 3 4.7 2 4.4 24 4.2 25 4.0 33 3.8 12 3.7 17 3.6 19 3.3 8 2.6 18 2.4 16 2.2 14 2.1 29 1.9 5 1.8 21 1.7 22 0.9 34 0.4
17 10.0 38 9.9 22 9.8 35 9.3 25 9.0 31 8.7 16 8.3 2 8.1 4 7.9 32 7.6 30 7.4 20 7.3 11 7.2 23 6.9 29 6.7 6 6.5 8 6.4 3 6.3 13 5.7 39 5.6 1 5.5 27 5.4 19 5.2 14 4.9 26 4.8 10 4.6 18 4.3 21 4.0 40 3.9 24 3.8 33 3.7 28 3.4 9 3.2 15 2.8 36 2.3 34 2.2 37 1.8 5 1.1 7 1.0 12 0.5
8 10.0 18 9.7 26 9.5 16 9.1 6 8.8 23 8.6 40 7.9 10 7.8 19 7.7 21 7.5 38 7.4 9 7.2 20 7.1 31 7.0 33 6.4 28 6.1 24 5.9 34 5.6 27 5.5 35 5.4 5 5.3 3 4.8 25 4.5 1 4.4 29 4.1 39 3.8 22 3.7 13 3.6 36 3.4 15 3.3 17 3.2 14 2.5 12 1.8 37 1.7 30 1.6 7 1.4 32 1.0 11 0.3 4 0.1 2 0.0
12 10.0 25 9.7 36 9.5 16 9.4 10 9.2 34 9.0 17 8.6 23 8.5 39 8.4 30 8.3 26 7.7 40 7.6 35 7.4 5 6.7 15 6.4 4 6.2 29 5.6 13 4.9 18 4.8 7 4.5 3 4.4 33 4.3 14 4.2 21 4.1 19 3.7 32 3.4 6 3.0 22 2.7 20 2.2 8 2.1 24 1.8 38 1.7 28 1.6 1 1.2 37 1.0 11 0.7 9 0.6 2 0.3 27 0.2 31 0.1
37 10.0 13 9.8 31 9.7 34 9.5 14 9.4 28 9.1 6 9.0 30 8.8 36 8.6 16 8.0 15 7.9 18 7.2 19 7.1 12 6.9 32 6.7 39 6.4 29 6.3 21 6.2 1 6.1 23 5.5 7 5.3 9 4.9 3 4.4 25 4.2 24 4.0 8 3.8 20 3.6 17 3.3 4 2.9 11 2.8 33 2.1 26 2.0 5 1.9 10 1.8 40 1.7 22 1.3 38 0.6 27 0.4 2 0.3 35 0.0
15 9.7 18 9.6 13 9.4 8 9.3 9 9.0 19 8.8 12 8.4 2 8.3 25 7.7 10 7.4 26 7.3 34 7.2 14 6.9 5 6.8 35 6.4 11 6.3 3 5.9 39 5.7 40 5.6 27 5.0 1 4.9 28 4.8 21 4.7 38 4.6 4 4.5 37 3.4 36 3.3 31 3.2 24 2.8 30 2.5 6 2.4 32 2.1 22 2.0 16 1.4 33 1.3 7 1.2 17 1.1 20 0.3 29 0.2 23 0.1
22 9.4 28 9.3 30 9.0 3 8.9 23 8.8 12 8.7 15 7.3 29 7.2 6 7.0 26 6.9 2 6.8 1 6.5 35 6.4 34 5.8 14 5.7 10 5.6 27 5.2 32 5.0 11 4.7 19 4.6 33 4.5 4 4.2 24 4.0 16 3.9 36 3.7 18 3.6 20 3.5 38 2.8 13 2.7 37 2.5 7 2.1 8 2.0 21 1.7 5 1.6 25 1.3 31 0.9 40 0.7 9 0.6 17 0.1 39 0.0
21 9.7 22 9.6 11 9.4 19 9.3 40 9.0 7 8.9 10 8.7 6 8.4 37 8.3 29 8.2 31 8.1 12 7.9 5 7.8 18 7.2 35 7.0 33 6.8 15 6.5 32 6.3 30 6.2 36 5.9 39 5.8 1 5.5 20 5.3 8 4.7 24 4.3 27 4.2 26 4.1 14 4.0 17 3.6 2 3.5 9 3.4 3 3.1 25 3.0 16 2.3 28 2.0 4 1.6 34 1.4 38 0.8 23 0.3 13 0.2
6 10.0 8 9.6 1 9.5 25 9.1 9 9.0 35 8.8 4 8.6 18 8.5 3 8.4 21 8.3 11 8.1 5 8.0 36 7.4 27 6.8 31 6.6 34 6.4 32 6.2 26 6.1 37 5.6 13 4.8 16 4.7 29 4.4 17 4.3 24 4.2 20 4.1 7 3.9 10 3.5 30 3.3 22 3.0 15 2.8 40 2.4 23 2.3 28 2.2 38 2.1 2 2.0 39 1.3 33 1.1 12 0.7 14 0.5 19 0.3
18 9.8 26 9.7 33 9.4 7 9.3 36 9.2 29 9.1 11 9.0 24 8.5 5 7.3 14 7.2 6 7.1 15 7.0 21 6.9 31 6.7 39 5.7 37 5.5 38 5.4 23 5.1 28 4.7 22 4.6 9 4.3 27 4.2 17 4.1 12 3.6 3 3.5 4 3.4 2 3.3 35 3.1 30 2.9 20 2.8 13 2.7 32 2.5 19 2.2 16 1.1 40 1.0 1 0.8 10 0.6 34 0.5 25 0.2 8 0.1
40 10.0 29 9.5 7 9.3 15 9.0 33 8.8 35 8.6 24 8.3 21 8.1 25 7.3 1 7.0 16 6.7 12 6.6 28 6.4 6 6.3 8 5.7 13 5.5 37 5.3 14 4.9 19 4.7 9 4.5 34 4.4 10 4.1 39 4.0 3 3.8 20 3.7 17 2.5 2 2.4 31 1.9 30 1.8 5 1.7 26 1.5 18 1.3 4 1.2 38 1.1 36 1.0 32 0.9 23 0.3 11 0.2 27 0.1 22 0.0
36 9.9 22 9.8 25 9.1 29 8.9 39 8.0 32 7.8 18 7.7 33 7.6 1 7.4 31 7.3 23 6.9 38 6.8 21 6.0 6 5.2 16 5.1 2 5.0 24 4.7 11 4.6 20 4.1 7 3.6 27 3.5 8 3.3 10 3.2 17 3.0 4 2.9 3 2.7 19 2.6 30 2.5 15 2.4 40 2.3 37 2.2 34 1.5 13 1.4 28 1.1 14 0.8 12 0.7 35 0.5 9 0.4 5 0.3 26 0.1
31 9.8 40 9.7 24 9.6 26 9.5 19 9.3 7 8.9 3 8.8 9 8.5 37 8.4 36 8.3 23 8.1 10 7.7 5 7.4 32 7.0 28 6.3 6 6.2 27 6.0 25 5.8 4 5.4 13 5.2 2 5.1 11 4.9 21 4.3 16 3.6 17 3.4 1 2.6 33 2.5 15 2.3 8 2.1 12 2.0 18 1.8 35 1.4 38 1.3 34 1.1 29 1.0 20 0.8 14 0.7 30 0.5 39 0.2 22 0.0
11 10.0 13 9.8 10 9.6 33 9.4 36 9.3 20 9.1 21 8.8 15 8.7 25 8.5 6 8.4 24 7.9 7 7.8 4 7.4 40 7.1 16 6.6 14 6.3 8 6.2 37 6.1 12 5.9 23 5.6 26 5.4 3 5.2 27 5.1 19 4.9 5 4.6 30 4.4 38 4.1 9 3.6 18 3.4 17 3.2 34 2.7 22 2.5 29 2.4 35 2.3 28 1.5 1 1.3 2 1.0 32 0.9 39 0.7 31 0.0
14 9.6 39 9.0 3 8.9 15 8.8 32 8.7 27 8.6 30 8.3 23 7.9 10 7.8 5 7.7 1 7.5 24 7.4 7 7.3 16 6.6 13 6.5 11 6.4 40 6.1 20 6.0 38 5.8 26 4.9 6 4.4 2 4.3 4 4.2 29 4.1 12 4.0 33 3.7 18 3.4 34 2.4 22 2.1 31 2.0 37 1.9 9 1.4 36 1.3 19 1.1 21 0.8 17 0.6 25 0.4 8 0.3 35 0.2 28 0.1
25 9.6 40 9.5 34 9.3 29 9.0 35 8.9 5 8.6 18 8.1 33 7.8 37 7.4 20 7.2 36 7.1 23 6.7 38 6.4 7 6.0 3 5.8 10 5.7 21 5.3 24 5.2 14 5.1 19 4.9 9 4.4 11 3.9 22 3.6 16 3.3 15 3.2 6 3.1 28 2.9 1 2.8 17 2.7 27 2.6 4 2.5 2 1.8 8 1.6 26 1.4 32 1.3 39 1.2 12 0.7 31 0.4 30 0.3 13 0.2
31 9.7 13 9.2 32 9.1 19 9.0 23 8.3 29 8.2 15 8.1 21 8.0 10 7.9 4 7.8 33 7.7 11 7.5 28 7.4 24 6.9 1 6.5 36 6.4 17 6.3 34 6.2 7 5.5 30 5.1 8 5.0 27 4.9 9 4.4 39 4.3 5 4.0 16 3.9 20 3.6 37 3.5 22 3.2 26 2.9 40 2.5 14 2.3 12 2.0 38 1.9 3 1.8 6 1.6 35 0.7 18 0.6 25 0.1 2 0.0
7 10.0 32 9.9 33 9.8 29 9.5 23 9.3 26 9.1 17 8.8 31 8.1 5 7.9 22 7.8 13 7.7 10 7.3 21 6.6 25 6.1 27 5.7 37 5.4 20 5.0 18 4.2 28 4.0 14 3.9 4 3.8 16 3.7 3 3.5 19 3.3 11 3.1 12 2.7 2 2.6 39 2.5 8 2.1 36 1.9 40 1.8 24 1.4 30 1.3 34 1.2 38 1.1 9 0.9 1 0.7 15 0.6 6 0.5 35 0.4
35 10.0 38 9.8 18 9.2 40 9.0 30 8.7 9 8.6 32 8.5 15 8.0 25 7.8 16 7.7 11 7.6 27 7.5 24 7.4 2 7.3 10 7.2 1 7.0 17 6.7 19 6.5 29 6.4 5 6.3 21 6.2 8 6.0 14 5.8 13 5.6 22 5.5 6 5.3 34 5.2 4 5.1 26 4.9 7 4.4 3 4.3 28 3.8 33 3.6 37 3.3 12 2.4 36 2.1 23 0.9 31 0.5 39 0.3 20 0.0
7 9.7 19 9.4 10 9.3 2 9.2 28 9.1 38 9.0 37 8.7 18 8.5 5 7.8 17 7.7 23 7.6 27 7.5 16 7.4 4 7.2 34 7.0 36 6.8 14 6.7 40 6.6 15 6.3 12 5.9 30 5.8 9 5.5 22 5.2 31 5.0 21 4.8 13 4.0 11 3.9 25 3.4 1 3.2 6 3.0 3 2.6 26 2.5 8 2.4 20 2.2 39 2.1 35 2.0 33 0.6 32 0.5 24 0.2 29 0.0
29 10.0 26 9.7 14 9.4 9 9.3 39 9.2 30 8.9 36 8.5 38 7.3 32 6.9 15 6.7 25 6.6 23 6.5 24 5.7 12 5.4 5 5.0 40 4.9 18 4.8 33 4.7 19 4.4 31 4.1 3 3.9 34 3.8 8 3.6 2 3.4 10 3.3 22 3.2 16 3.1 37 2.8 11 2.7 7 2.5 35 2.4 28 2.0 27 1.9 21 1.3 1 1.0 4 0.9 13 0.8 17 0.7 20 0.4 6 0.0
38 10.0 15 9.6 17 9.5 9 9.4 13 9.3 5 9.2 20 9.1 39 8.9 18 8.7 7 8.5 34 8.4 26 8.3 40 7.8 27 7.7 11 7.4 24 7.2 10 6.7 16 6.4 32 6.1 29 6.0 2 5.8 3 5.6 37 5.3 23 5.2 28 4.8 14 4.2 19 4.1 12 3.6 25 3.5 36 3.4 35 3.0 21 2.5 22 1.9 30 1.6 4 1.5 1 1.4 33 1.3 6 0.9 31 0.6 8 0.4
31 10.0 28 9.8 19 9.6 6 9.5 10 9.3 13 9.2 37 8.5 24 8.3 14 8.1 23 7.8 40 7.1 22 6.7 25 6.4 8 6.2 26 6.0 38 5.7 9 5.6 3 5.5 32 5.2 18 5.1 35 4.6 20 4.3 33 4.2 30 3.7 7 3.5 21 3.3 16 3.2 11 3.0 39 2.6 15 2.1 5 1.9 2 1.8 17 1.7 27 1.4 4 1.3 34 1.2 36 0.7 1 0.6 12 0.3 29 0.1
19 10.0 11 9.6 16 9.3 26 9.2 24 9.0 13 8.3 32 8.1 37 7.8 5 7.7 8 7.5 29 7.2 28 7.1 34 6.8 31 6.3 10 5.8 21 5.3 38 5.0 9 4.7 35 4.3 22 4.2 27 4.0 1 3.9 14 3.8 25 3.7 15 3.6 7 2.9 20 2.7 17 2.5 4 2.4 36 2.2 12 2.0 39 1.7 3 1.6 6 1.5 2 1.1 40 0.9 18 0.6 33 0.5 30 0.2 23 0.1
36 9.8 7 9.3 34 8.9 1 8.8 20 8.7 15 7.8 26 7.7 40 7.1 5 6.7 12 6.6 32 6.4 3 5.9 28 5.7 24 5.6 6 5.4 11 5.1 39 4.7 2 4.5 35 4.2 27 3.9 10 3.7 18 3.5 22 3.4 9 3.0 30 2.8 29 2.5 38 2.4 33 2.2 14 2.0 31 1.9 17 1.8 21 1.6 13 1.5 37 1.4 8 1.2 19 1.1 25 1.0 16 0.4 4 0.3 23 0.0
18 9.7 37 9.6 31 9.5 38 9.4 12 9.3 5 9.1 20 8.9 29 8.8 35 8.7 2 8.2 40 7.8 19 7.4 13 7.3 4 6.9 10 6.6 39 6.4 32 6.2 24 5.9 16 5.8 21 5.6 1 4.7 14 4.4 34 4.3 36 4.2 15 4.1 9 3.2 33 2.9 27 2.6 11 2.5 17 2.0 8 1.9 7 1.7 3 1.5 6 1.4 25 1.3 28 1.1 22 0.8 23 0.5 30 0.3 26 0.0
2 10.0 19 9.9 7 9.8 9 9.5 37 9.2 24 9.0 16 8.3 25 7.9 11 7.8 17 7.6 28 7.4 23 7.3 29 6.9 15 6.8 10 6.6 30 6.5 33 6.4 14 6.3 40 6.2 26 5.4 12 5.0 8 4.8 18 4.7 21 4.6 4 4.0 32 3.2 27 2.8 20 2.7 38 2.6 1 2.4 3 2.3 6 2.2 31 1.3 13 1.2 36 1.0 35 0.9 34 0.7 39 0.4 5 0.2 22 0.1
40 9.8 5 9.5 39 9.3 34 9.0 31 8.8 25 8.7 8 8.5 24 8.2 37 8.1 30 7.9 21 7.8 4 7.7 23 6.8 7 6.3 26 6.2 16 6.1 28 6.0 14 5.9 2 5.7 12 5.1 20 4.8 35 4.7 18 4.5 22 4.2 10 4.1 11 3.9 1 3.6 29 3.1 32 2.9 15 2.8 9 2.7 19 2.6 6 2.3 17 1.6 33 1.2 13 1.0 38 0.6 27 0.3 3 0.2 36 0.1
32 9.3 2 9.2 34 8.9 28 8.5 18 8.3 25 8.0 6 7.8 19 7.1 31 7.0 13 6.8 33 6.2 14 6.1 16 6.0 1 5.9 39 5.6 29 5.4 7 5.3 38 5.0 20 4.9 12 4.6 27 4.5 40 4.3 5 4.2 17 4.0 37 3.8 21 3.7 8 3.4 9 3.0 30 2.8 11 2.7 23 2.2 3 1.2 10 0.9 15 0.8 4 0.7 26 0.6 22 0.5 36 0.3 24 0.1 35 0.0
34 9.7 31 9.5 9 9.2 33 9.1 24 9.0 16 8.8 2 8.6 19 8.4 5 8.2 23 8.1 8 7.7 10 6.9 1 6.8 11 6.6 20 6.1 32 6.0 4 5.9 39 5.8 35 5.3 37 5.2 15 4.9 6 4.8 12 4.6 17 4.2 29 4.1 14 3.8 18 3.4 3 3.2 13 3.1 36 3.0 38 2.8 27 2.7 28 2.4 22 1.9 40 1.2 26 1.1 30 0.9 7 0.7 25 0.6 21 0.5
13 10.0 16 9.6 22 9.3 33 9.2 31 9.1 28 8.9 21 8.7 37 8.6 23 8.5 7 8.4 6 8.2 4 7.3 30 7.2 9 7.0 40 6.7 11 6.2 1 6.1 19 5.9 18 5.8 26 5.5 29 5.3 27 5.0 32 4.9 5 4.7 3 4.6 24 4.4 35 4.1 20 4.0 36 3.7 38 3.3 10 3.1 15 2.9 14 2.4 8 2.3 39 2.0 2 1.9 12 1.1 34 0.9 25 0.5 17 0.2
13 9.9 2 9.8 9 9.6 40 9.5 26 9.3 17 9.2 23 9.1 12 9.0 8 8.4 32 8.1 22 8.0 25 7.8 5 7.6 37 7.3 18 7.2 1 6.9 7 6.2 14 5.8 31 5.7 24 5.4 3 5.2 34 5.1 30 5.0 27 4.9 21 4.6 15 4.4 36 4.3 39 3.9 38 3.3 10 3.1 29 2.9 6 2.8 20 2.7 4 2.4 19 1.9 35 1.8 28 1.7 16 1.0 33 0.9 11 0.1
32 9.5 16 9.3 38 9.1 40 9.0 34 8.9 15 8.8 8 8.7 18 8.4 24 8.3 20 8.2 17 8.1 5 7.4 9 7.1 37 7.0 31 6.6 36 6.5 25 6.3 7 6.1 14 5.9 19 5.7 26 5.5 12 5.1 35 5.0 11 4.9 27 4.4 10 4.1 13 3.9 23 3.8 1 3.7 28 3.5 6 3.1 22 2.8 39 1.9 30 1.8 33 1.7 4 1.2 2 1.1 29 0.7 3 0.6 21 0.2
6 9.9 40 9.8 26 9.6 29 9.5 7 9.4 20 8.8 21 8.2 23 8.0 19 7.8 24 7.7 13 7.6 27 7.3 30 7.1 2 7.0 34 6.7 17 6.4 11 6.2 3 6.1 33 6.0 10 5.6 39 5.2 31 4.8 32 4.6 22 4.4 37 3.8 12 3.7 36 3.6 16 3.2 28 3.1 4 2.1 35 2.0 25 1.8 5 1.5 15 1.1 9 0.9 8 0.7 18 0.5 38 0.4 1 0.3 14 0.1
8 9.8 7 9.6 16 9.2 2 9.0 15 8.7 6 8.5 38 8.1 29 8.0 36 7.8 39 7.1 3 6.8 17 6.7 34 6.5 32 6.4 13 6.3 22 5.9 25 5.8 12 5.7 23 5.2 27 4.9 20 4.5 4 3.7 30 3.5 28 3.2 24 3.0 11 2.9 14 2.7 18 2.5 26 2.4 1 2.1 21 1.7 19 1.5 31 1.3 33 1.0 5 0.8 37 0.6 40 0.5 10 0.4 9 0.3 35 0.2
29 10.0 39 9.5 13 8.9 3 8.8 23 8.7 36 8.6 40 8.4 32 8.0 2 7.7 9 7.6 22 7.5 35 7.4 5 7.2 25 6.8 16 6.7 11 6.1 30 5.7 28 5.2 6 5.1 17 4.1 10 3.9 1 3.4 18 3.3 26 3.2 4 3.1 24 3.0 27 2.8 19 2.7 33 2.2 15 2.0 20 1.7 8 1.3 38 1.2 7 1.0 21 0.9 34 0.7 37 0.5 12 0.3 31 0.1 14 0.0
40 9.8 37 9.6 34 9.4 26 9.2 27 8.8 12 8.4 31 8.1 7 8.0 25 7.4 24 7.0 5 6.6 18 6.5 4 6.2 19 6.1 13 5.5 35 5.4 14 5.1 39 4.8 8 4.7 16 4.6 20 4.5 21 4.3 29 4.0 33 3.5 10 3.3 36 3.1 6 3.0 17 2.8 15 2.7 28 2.6 32 2.1 1 2.0 22 1.8 38 1.6 3 1.3 9 1.1 30 0.9 2 0.5 23 0.3 11 0.1
40 9.9 26 9.6 39 9.3 38 9.1 4 9.0 28 8.9 6 8.7 17 8.4 2 8.1 22 7.6 21 7.5 19 7.3 9 7.2 37 6.9 7 6.8 23 6.6 31 6.3 27 6.2 25 6.1 10 6.0 16 5.8 12 5.7 20 5.6 14 4.7 3 4.6 29 4.4 15 4.2 30 4.1 8 4.0 34 3.7 1 3.6 36 3.4 13 2.3 24 2.0 5 1.9 18 1.7 35 1.5 33 1.4 32 1.2 11 0.3
40 10.0 27 9.9 39 9.8 11 9.7 6 9.6 10 9.3 19 9.2 32 8.4 24 8.2 7 8.1 18 7.7 1 7.5 21 7.0 20 6.7 33 6.5 35 6.2 12 5.7 31 5.4 9 5.2 37 5.1 25 4.8 16 4.7 38 4.5 23 4.4 28 4.3 8 4.2 17 4.1 4 4.0 15 3.7 34 3.3 36 2.8 30 2.2 3 2.1 22 1.9 13 1.8 14 1.4 26 1.3 2 0.4 5 0.3 29 0.1
21 9.7 31 9.6 17 9.5 3 9.4 10 9.2 26 9.0 15 8.9 33 8.8 1 8.5 27 8.4 24 8.1 4 7.5 37 7.3 35 7.2 19 6.9 29 6.6 34 6.5 22 6.2 16 5.9 40 5.7 39 5.6 32 5.5 20 5.4 8 5.0 36 4.5 5 4.3 2 4.2 7 4.0 25 3.4 12 3.3 23 3.0 28 2.9 6 2.7 9 2.6 11 2.5 13 1.8 14 1.6 18 0.8 38 0.6 30 0.3
24 9.8 8 9.6 3 9.2 27 8.9 29 8.8 20 8.7 10 8.6 33 7.9 1 7.7 9 7.5 34 7.4 23 7.3 35 6.9 19 6.8 12 6.7 5 6.0 36 5.6 16 5.3 15 5.2 4 4.9 25 4.8 28 4.7 11 4.2 14 3.9 7 3.4 6 3.3 13 3.2 39 3.1 22 2.8 31 2.3 40 2.1 18 1.8 2 1.6 38 1.4 17 1.3 37 0.8 30 0.5 32 0.3 26 0.2 21 0.0
20 9.8 15 9.4 39 9.3 23 9.1 16 8.7 3 8.6 40 8.0 1 7.9 2 7.4 17 7.3 32 7.1 31 6.6 30 6.5 33 6.0 13 5.9 36 5.8 11 5.7 6 5.4 8 5.2 38 5.0 14 4.7 26 4.4 27 4.1 25 4.0 4 3.9 5 3.8 37 3.6 29 3.5 21 3.2 34 3.0 19 2.9 28 2.2 18 1.7 10 1.5 35 1.4 12 1.3 22 0.5 9 0.4 24 0.2 7 0.1
1 9.9 16 9.6 12 9.3 40 9.0 20 8.6 22 8.5 7 8.4 11 7.9 23 7.7 9 7.5 39 7.1 6 6.6 5 6.3 34 6.1 30 6.0 27 5.9 28 5.8 38 5.7 24 5.4 33 4.9 35 4.4 8 4.0 37 3.7 21 3.1 31 2.8 2 2.6 13 2.2 32 1.9 36 1.7 19 1.6 17 1.3 15 1.2 25 1.1 26 0.9 29 0.8 10 0.5 14 0.4 3 0.2 18 0.1 4 0.0
7 10.0 24 9.9 19 9.6 37 9.5 28 9.4 1 9.2 16 8.9 13 8.8 31 8.7 35 8.6 15 8.1 30 7.7 23 7.5 27 7.3 32 6.9 36 6.6 38 6.1 14 5.6 8 5.5 9 5.4 17 5.3 34 5.2 21 5.1 6 4.8 40 4.4 5 4.3 2 4.2 25 3.8 20 3.7 11 3.1 33 2.8 18 2.7 10 2.5 22 2.3 26 2.1 3 1.9 39 1.4 12 1.0 4 0.9 29 0.8
31 9.5 22 9.4 36 9.3 15 9.2 11 8.9 6 8.4 10 8.2 39 7.7 28 7.6 26 7.3 7 7.2 38 6.5 37 6.4 25 6.3 40 6.1 23 5.7 8 5.3 35 5.1 29 4.6 19 4.5 4 4.4 21 4.3 14 4.0 3 3.9 9 3.7 1 3.5 34 3.2 33 3.1 17 2.8 5 2.4 13 1.9 24 1.8 20 1.6 18 1.5 30 1.2 27 1.1 32 1.0 2 0.9 16 0.6 12 0.2
35 9.6 31 9.5 28 9.3 18 9.2 29 8.6 10 8.4 2 8.3 27 8.1 9 8.0 19 7.1 36 6.5 37 6.4 25 5.8 5 5.7 13 5.5 6 5.3 12 5.2 11 4.9 8 4.6 7 4.4 38 4.2 32 4.1 40 4.0 24 3.9 22 3.7 39 3.5 21 3.3 17 3.2 33 2.7 30 2.6 14 2.3 26 2.2 1 1.9 3 1.4 15 1.2 16 1.0 34 0.7 20 0.5 4 0.4 23 0.1
8 10.0 35 9.4 34 9.0 1 8.2 12 7.8 6 7.7 5 7.1 38 6.5 23 6.3 40 6.2 33 6.0 37 5.8 18 5.5 16 5.4 36 5.3 7 5.2 29 5.1 4 4.9 30 4.8 2 4.6 28 4.5 32 4.4 26 4.3 14 3.9 15 3.3 31 3.2 13 3.0 22 2.9 10 2.6 25 1.9 3 1.6 39 1.5 9 1.4 24 1.2 19 0.8 20 0.7 21 0.5 27 0.2 11 0.1 17 0.0
24 9.9 5 9.8 9 9.6 23 9.4 16 9.3 32 8.8 31 8.6 29 8.2 25 8.0 13 7.9 17 7.8 3 7.6 35 7.2 26 7.1 18 6.9 20 6.4 8 6.3 15 6.2 14 6.0 22 5.9 34 5.8 12 5.7 6 5.6 40 5.5 30 5.4 1 4.9 37 4.8 28 4.3 27 4.2 19 3.8 11 3.6 4 2.7 7 2.3 2 2.1 38 1.9 33 1.5 10 1.3 21 1.2 36 0.7 39 0.3
