60 60 60
48 9.9 60 9.8 13 9.6 42 9.5 3 9.4 36 9.1 32 9.0 43 8.8 18 8.7 17 8.5 33 8.4 12 8.1 9 8.0 54 7.9 25 7.6 8 7.5 49 7.4 57 7.2 1 7.1 21 7.0 50 6.9 30 6.8 34 6.6 40 6.4 35 6.3 46 6.2 28 6.0 19 5.9 7 5.5 53 5.4 38 5.2 29 5.0 39 4.9 5 4.7 52 4.3 26 4.2 15 3.9 11 3.7 41 3.5 51 3.4 47 3.2 58 3.1 20 3.0 56 2.9 23 2.7 31 2.6 37 2.5 59 2.4 14 2.3 4 2.1 44 2.0 2 1.8 24 1.5 16 1.3 45 1.0 27 0.7 55 0.6 10 0.2 6 0.1 22 0.0
7 9.7 29 9.5 3 9.4 48 9.3 2 9.2 24 8.9 57 8.8 44 8.7 10 8.5 34 8.4 45 8.3 31 8.2 8 8.1 55 8.0 35 7.9 19 7.8 36 7.7 23 7.6 26 7.4 28 7.3 39 7.2 53 6.9 16 6.8 41 6.6 12 6.5 58 6.4 40 6.3 43 6.2 18 6.0 60 5.8 21 5.7 54 5.5 42 5.4 15 5.2 20 5.0 22 4.9 13 4.7 11 4.5 25 4.0 46 3.9 49 3.8 6 3.7 17 3.5 30 3.2 47 3.0 51 2.9 56 2.8 52 2.6 50 2.3 27 2.0 5 1.8 38 1.6 9 1.4 14 1.3 4 1.1 32 1.0 1 0.9 59 0.4 37 0.1 33 0.0
25 10.0 57 9.9 2 9.8 23 9.5 55 9.4 24 9.0 14 8.9 54 8.4 60 8.3 30 8.2 58 8.1 6 7.9 31 7.7 3 7.6 38 7.2 45 7.1 41 6.9 11 6.8 36 6.4 32 6.3 4 6.2 56 5.9 51 5.8 49 5.6 21 5.3 22 5.2 50 5.1 26 5.0 37 4.9 10 4.8 13 4.7 17 4.6 42 4.4 29 4.3 39 4.2 53 4.0 28 3.9 48 3.2 9 2.9 12 2.8 8 2.7 27 2.6 33 2.5 18 2.4 16 2.3 20 2.1 44 2.0 5 1.9 46 1.8 52 1.7 34 1.5 59 1.3 1 1.2 19 1.0 35 0.9 7 0.6 15 0.5 43 0.4 47 0.3 40 0.1
1 10.0 31 9.9 14 9.7 45 9.4 30 9.3 48 9.2 25 9.1 23 9.0 35 8.7 37 8.6 21 8.5 42 8.4 40 8.1 59 8.0 38 7.9 9 7.8 44 7.4 60 7.3 47 7.1 2 6.8 56 6.7 22 6.6 27 6.5 24 6.4 36 6.3 7 6.2 50 6.0 34 5.9 19 5.8 54 5.6 11 5.4 49 5.3 8 5.1 53 4.9 17 4.7 13 4.6 12 4.4 16 4.3 39 3.9 3 3.6 55 3.2 43 2.9 10 2.8 51 2.6 46 2.5 20 2.4 57 2.2 28 2.1 15 2.0 41 1.9 29 1.7 33 1.6 6 1.4 58 1.0 26 0.8 32 0.6 18 0.3 52 0.2 4 0.1 5 0.0
6 9.9 60 9.7 32 9.6 42 9.5 12 9.3 35 9.2 19 9.1 56 9.0 28 8.8 24 8.7 17 8.4 41 8.2 20 8.1 34 8.0 18 7.9 48 7.7 27 7.6 21 7.5 10 7.2 13 7.1 15 7.0 4 6.6 53 6.3 44 6.1 26 5.9 3 5.8 36 5.3 46 5.1 43 5.0 30 4.5 1 4.4 8 4.2 14 4.1 11 4.0 5 3.9 59 3.8 40 3.7 22 3.5 51 3.4 54 3.3 9 3.1 57 3.0 33 2.8 52 2.7 23 2.6 39 2.5 50 2.4 31 2.3 37 2.2 2 1.9 7 1.8 45 1.5 25 1.3 16 1.1 55 1.0 49 0.9 38 0.7 47 0.6 29 0.4 58 0.0
6 10.0 47 9.9 25 9.8 50 9.6 22 9.5 55 9.4 29 9.3 40 9.2 37 9.0 48 8.8 30 8.6 51 8.5 2 8.4 32 8.2 39 8.1 20 7.7 28 7.6 38 7.5 3 7.3 35 6.7 53 6.5 42 6.4 45 6.2 27 5.9 8 5.6 58 5.5 7 5.3 23 5.2 14 5.0 10 4.8 44 4.6 56 4.4 54 4.3 31 4.2 59 4.1 17 3.9 41 3.8 49 3.7 9 3.6 19 3.4 1 3.3 33 3.2 60 3.1 46 3.0 15 2.9 11 2.8 13 2.7 26 2.6 12 2.3 24 2.2 57 2.1 16 1.5 4 1.4 36 1.3 34 1.1 52 1.0 18 0.4 21 0.3 5 0.2 43 0.1
34 10.0 31 9.9 5 9.8 59 9.7 14 9.6 46 9.5 47 9.3 36 9.0 3 8.9 9 8.6 51 8.5 21 8.3 41 8.0 7 7.9 27 7.8 43 7.6 60 7.5 42 7.2 58 6.9 50 6.8 6 6.6 10 6.5 35 6.3 52 6.2 32 5.8 49 5.7 33 5.5 25 5.4 45 5.0 17 4.9 12 4.7 13 4.6 16 4.4 2 4.3 11 4.2 26 4.0 53 3.9 22 3.8 57 3.7 44 3.5 15 3.3 23 3.1 54 2.9 28 2.7 18 2.5 1 2.3 19 2.2 40 2.1 29 2.0 48 1.8 37 1.7 4 1.3 20 1.2 8 1.1 55 0.8 24 0.7 38 0.6 39 0.3 56 0.1 30 0.0
42 10.0 6 9.9 45 9.5 36 9.4 19 9.3 18 9.2 16 9.1 20 8.9 52 8.7 46 8.5 60 8.4 55 8.0 17 7.9 21 7.8 31 7.6 1 7.5 4 7.4 26 7.2 8 6.8 25 6.6 32 6.4 28 6.2 29 6.1 56 5.9 24 5.7 11 5.6 51 5.3 49 5.2 22 4.9 53 4.8 41 4.7 15 4.5 50 4.2 47 4.1 33 3.9 59 3.8 9 3.7 57 3.6 3 3.5 14 3.3 43 3.2 44 3.0 27 2.9 40 2.7 23 2.5 2 2.4 12 2.3 34 2.1 54 2.0 30 1.7 39 1.5 37 1.4 5 1.2 13 1.0 48 0.9 38 0.7 10 0.6 7 0.4 58 0.3 35 0.1
21 9.9 50 9.7 22 9.6 3 9.4 57 9.3 43 9.2 25 8.9 49 8.7 19 8.6 37 8.5 5 8.4 26 8.1 31 7.9 41 7.7 54 7.6 7 7.5 59 7.4 29 7.3 51 7.1 45 7.0 60 6.9 14 6.8 32 6.7 58 6.6 30 6.5 9 6.4 28 6.3 12 6.1 2 6.0 53 5.9 52 5.5 47 5.3 33 5.2 27 4.9 24 4.7 55 4.4 23 4.1 46 3.9 13 3.8 8 3.6 36 3.5 6 3.1 40 2.8 34 2.6 18 2.5 20 2.4 4 2.3 38 2.2 1 2.0 42 1.9 17 1.6 56 1.5 44 1.4 39 1.3 35 1.2 10 1.0 11 0.8 48 0.5 16 0.2 15 0.0
29 10.0 24 9.4 37 9.3 26 9.0 45 8.8 27 8.6 60 8.3 38 8.2 5 8.1 47 7.9 30 7.7 54 7.6 46 7.3 40 7.2 7 6.9 9 6.8 56 6.7 19 6.6 49 6.4 18 6.3 53 6.1 16 6.0 28 5.6 12 5.5 51 5.4 6 5.1 4 5.0 43 4.9 59 4.8 21 4.7 32 4.6 31 4.5 36 4.4 39 4.3 44 4.2 48 4.1 33 3.9 15 3.8 42 3.5 13 3.4 25 3.3 41 3.1 11 3.0 8 2.9 52 2.7 34 2.6 17 2.4 14 2.3 57 2.2 23 2.0 50 1.7 35 1.3 58 1.2 55 1.1 1 0.9 3 0.8 10 0.5 20 0.4 22 0.3 2 0.1
7 10.0 41 9.5 26 9.3 15 9.2 18 9.0 9 8.9 42 8.8 53 8.7 52 8.6 56 8.5 40 8.4 43 8.2 19 7.9 25 7.7 55 7.6 38 7.5 34 7.4 31 7.3 14 7.2 21 7.1 8 7.0 13 6.9 16 6.7 50 6.2 11 6.1 36 5.6 30 5.5 10 5.4 33 5.3 27 5.2 51 5.1 39 5.0 12 4.9 22 4.8 59 4.7 23 4.6 54 4.4 60 4.2 35 4.1 37 4.0 49 3.9 1 3.8 24 3.7 4 3.2 29 3.1 45 2.8 47 2.4 46 2.3 20 2.2 17 2.1 32 2.0 6 1.9 3 1.8 48 1.7 58 1.3 57 0.9 28 0.7 5 0.5 2 0.3 44 0.0
39 9.9 44 9.8 29 9.7 56 9.6 14 9.5 13 9.4 7 8.8 1 8.7 30 8.6 43 8.4 11 8.3 52 8.2 6 8.1 49 7.9 12 7.8 47 7.7 32 7.6 37 7.4 20 7.3 17 7.2 54 7.1 5 7.0 22 6.8 8 6.5 27 6.2 41 6.0 59 5.8 23 5.6 2 5.5 26 5.0 21 4.9 50 4.8 3 4.7 16 4.5 51 4.4 34 4.2 24 4.0 46 3.9 10 3.7 53 3.3 31 2.8 45 2.6 33 2.4 18 2.3 28 2.2 60 2.1 36 2.0 19 1.9 58 1.8 57 1.5 38 1.4 40 1.2 15 1.0 4 0.9 48 0.6 42 0.5 9 0.4 35 0.3 25 0.2 55 0.0
28 9.9 48 9.5 41 9.4 18 9.2 56 9.1 6 9.0 3 8.9 49 8.8 32 8.7 25 8.6 38 8.3 37 8.2 30 8.0 47 7.9 59 7.8 29 7.5 5 7.4 4 7.3 31 6.7 54 6.5 42 6.3 14 6.1 39 6.0 24 5.6 16 5.5 1 5.3 36 5.2 46 5.0 35 4.6 20 4.3 9 4.2 60 4.1 26 3.9 43 3.8 11 3.7 2 3.6 33 3.5 8 3.4 40 3.3 12 3.2 17 2.8 22 2.7 13 2.6 15 2.5 34 2.3 51 2.2 44 2.1 58 1.9 50 1.8 19 1.7 21 1.6 57 1.5 10 1.4 55 1.2 53 0.9 52 0.6 45 0.5 23 0.4 27 0.2 7 0.0
8 9.9 3 9.8 1 9.7 33 9.6 36 9.4 47 9.2 29 9.1 46 9.0 57 8.9 54 8.8 41 8.4 34 8.1 58 7.9 52 7.7 14 7.6 6 7.5 49 7.4 48 7.0 9 6.9 37 6.6 40 6.5 22 6.4 28 6.3 30 6.1 53 6.0 32 5.7 44 5.5 19 5.4 2 5.3 35 5.2 42 5.1 13 4.8 10 4.7 60 4.6 15 4.4 38 4.3 16 3.9 26 3.5 24 3.4 55 3.3 21 2.9 56 2.8 50 2.5 5 2.4 18 2.3 12 2.1 59 1.8 25 1.7 20 1.5 45 1.3 43 1.2 4 1.0 31 0.7 11 0.6 51 0.5 39 0.4 17 0.3 23 0.2 27 0.1 7 0.0
35 9.8 20 9.7 3 9.6 29 9.5 58 9.4 38 9.2 57 9.1 46 9.0 43 8.8 5 8.2 23 7.9 49 7.8 18 7.7 13 7.5 27 6.9 14 6.8 8 6.7 33 6.6 53 6.5 48 6.4 59 6.2 2 6.0 1 5.9 51 5.6 45 5.3 12 5.2 47 5.1 40 4.7 9 4.6 22 4.5 36 4.3 56 4.2 54 4.0 50 3.9 4 3.2 31 3.1 16 3.0 37 2.8 28 2.7 24 2.5 34 2.3 32 2.0 7 1.8 42 1.7 52 1.6 11 1.5 60 1.4 17 1.3 19 1.2 41 1.1 55 1.0 25 0.9 6 0.8 26 0.7 39 0.5 21 0.4 30 0.3 10 0.2 44 0.1 15 0.0
12 10.0 36 9.8 11 9.6 7 9.5 22 9.4 18 9.1 49 8.9 21 8.5 59 8.4 39 8.2 29 8.1 40 7.9 28 7.7 51 7.6 45 7.4 2 7.3 44 7.2 50 7.1 4 7.0 52 6.9 9 6.8 46 6.6 48 6.3 53 6.2 16 6.1 17 6.0 6 5.9 26 5.8 41 5.7 27 5.4 23 5.3 56 5.2 35 5.1 38 4.8 19 4.6 42 4.5 60 4.4 34 4.2 15 3.8 58 3.7 43 3.5 33 3.4 8 3.2 14 3.0 10 2.9 13 2.7 32 2.6 25 2.3 24 2.2 3 2.1 1 1.9 31 1.7 20 1.6 30 1.3 54 1.1 5 1.0 37 0.7 47 0.6 55 0.3 57 0.1
45 10.0 39 9.9 59 9.8 32 9.7 57 9.4 9 9.3 21 9.1 48 9.0 29 8.9 11 8.8 28 8.6 43 8.5 41 8.1 47 7.8 23 7.7 33 7.6 8 7.5 58 7.4 27 7.3 16 7.1 4 6.9 46 6.8 30 6.7 40 6.6 3 6.5 6 6.4 7 6.1 10 5.8 17 5.7 5 5.6 60 5.4 20 5.3 50 5.2 15 5.0 25 4.9 51 4.7 52 4.5 38 4.3 2 4.1 54 3.9 37 3.7 19 3.4 26 3.2 13 3.0 49 2.9 44 2.6 24 2.2 34 1.9 35 1.7 36 1.6 22 1.3 12 1.1 18 1.0 53 0.9 14 0.7 55 0.6 1 0.4 42 0.2 56 0.1 31 0.0
24 10.0 27 9.9 6 9.5 60 9.4 14 9.0 32 8.9 48 8.7 18 8.1 15 7.6 21 7.5 37 7.3 26 7.2 54 7.1 38 7.0 29 6.8 42 6.7 39 6.5 47 6.3 8 6.2 17 6.1 28 6.0 16 5.9 57 5.8 30 5.6 5 5.5 49 5.4 46 5.3 7 5.1 41 5.0 45 4.9 19 4.7 25 4.6 22 4.5 20 4.4 4 4.2 31 4.1 53 4.0 2 3.6 59 3.5 11 3.3 52 3.2 35 3.0 23 2.8 51 2.6 36 2.4 1 2.2 3 1.9 56 1.8 43 1.6 9 1.5 33 1.4 44 1.3 13 1.2 10 1.1 55 0.9 12 0.8 34 0.6 58 0.5 40 0.1 50 0.0
51 10.0 28 9.7 30 9.3 8 9.1 29 8.9 21 8.8 10 8.7 36 8.6 57 8.2 17 8.0 1 7.9 56 7.6 40 7.5 34 7.4 12 7.3 41 7.0 32 6.4 18 6.3 26 6.2 20 6.1 37 5.9 16 5.8 15 5.7 11 5.6 4 5.4 25 5.1 46 4.9 48 4.8 60 4.5 52 4.4 23 4.0 47 3.7 58 3.6 33 3.4 42 3.3 9 3.2 14 3.1 53 3.0 44 2.9 31 2.8 7 2.6 50 2.5 24 2.3 43 2.0 49 1.9 19 1.8 6 1.6 22 1.5 2 1.4 27 1.3 13 1.1 5 0.9 3 0.8 45 0.6 35 0.5 59 0.4 54 0.3 55 0.2 38 0.1 39 0.0
36 9.9 28 9.8 1 9.4 2 9.2 7 9.1 31 9.0 55 8.9 45 8.8 49 8.6 20 8.5 12 8.4 48 8.3 5 8.2 23 8.1 46 8.0 47 7.9 53 7.8 8 7.7 60 7.6 42 7.5 56 6.8 51 6.6 50 6.5 54 6.4 39 6.2 13 6.1 10 6.0 17 5.9 52 5.7 29 5.6 25 5.5 57 5.4 16 5.3 40 5.0 11 4.7 34 4.5 37 4.3 14 4.2 4 3.9 3 3.8 58 3.7 35 3.6 22 3.4 19 3.3 6 2.6 59 2.5 9 2.4 38 2.1 44 2.0 24 1.7 18 1.5 41 1.4 21 1.3 32 1.2 26 1.0 15 0.9 43 0.7 27 0.6 30 0.4 33 0.0
29 10.0 60 9.9 56 9.8 40 9.5 50 9.4 57 9.3 31 9.2 45 8.9 39 8.8 23 8.7 20 8.6 6 8.5 35 8.4 15 8.3 7 8.1 48 8.0 42 7.9 21 7.8 26 7.7 28 7.6 43 7.5 8 7.4 5 7.3 17 7.2 41 7.1 2 7.0 14 6.9 27 6.8 9 6.6 53 6.1 52 5.9 34 5.8 55 5.6 37 5.5 46 5.2 58 5.1 32 4.8 16 4.7 33 4.6 51 4.5 49 4.3 47 4.1 22 3.8 54 3.7 59 3.6 1 3.5 13 3.1 3 3.0 11 2.9 25 2.8 36 2.7 30 2.1 10 1.9 24 1.6 4 1.5 19 1.2 44 1.0 38 0.9 12 0.2 18 0.1
21 10.0 8 9.8 43 9.7 28 9.6 46 9.3 39 9.1 11 9.0 40 8.8 37 8.7 54 8.3 34 8.0 27 7.9 5 7.7 58 7.6 32 7.5 30 7.4 19 7.3 23 7.1 26 7.0 53 6.9 12 6.7 57 6.6 10 6.3 9 6.2 31 6.1 42 6.0 45 5.7 22 5.6 25 5.5 2 5.3 47 5.2 33 5.0 59 4.9 36 4.7 48 4.6 51 4.5 16 4.4 35 4.3 49 4.2 18 3.8 56 3.7 29 3.4 13 3.3 60 3.2 3 3.1 55 2.9 7 2.8 50 2.7 41 2.2 38 1.9 14 1.8 52 1.7 44 1.5 17 1.2 1 0.9 6 0.5 20 0.4 24 0.3 4 0.2 15 0.0
17 9.9 30 9.6 31 9.5 49 9.4 58 9.1 40 8.9 10 8.7 52 8.5 6 8.3 26 7.9 47 7.8 22 7.7 11 7.4 21 7.3 32 7.2 35 7.0 59 6.7 20 6.6 48 6.5 41 6.2 60 6.1 45 6.0 51 5.9 54 5.8 3 5.7 39 5.5 15 5.4 42 5.1 4 4.9 24 4.8 23 4.7 33 4.5 56 4.4 28 4.3 29 4.2 12 3.8 50 3.6 8 3.4 18 3.3 7 3.0 25 2.9 57 2.8 13 2.7 16 2.3 55 2.2 53 2.1 2 2.0 38 1.7 34 1.5 44 1.4 9 1.2 36 1.1 19 1.0 14 0.9 27 0.7 37 0.5 5 0.4 46 0.2 1 0.1 43 0.0
11 10.0 21 9.7 28 9.6 49 9.5 55 9.4 34 9.3 26 9.2 10 9.1 31 9.0 60 8.9 52 8.8 16 8.7 13 8.6 17 8.5 3 8.4 32 8.1 38 8.0 43 7.9 42 7.2 24 7.1 48 7.0 36 6.8 18 6.7 44 6.6 41 6.5 15 6.4 19 6.3 8 6.2 25 6.1 57 5.9 5 5.8 40 5.4 47 5.2 56 4.9 9 4.8 59 4.5 46 4.3 51 4.2 27 4.1 23 4.0 7 3.9 29 3.8 39 3.7 14 3.5 1 3.4 35 3.2 50 2.9 58 2.7 6 2.1 54 1.5 4 1.3 37 1.2 53 1.0 33 0.9 22 0.8 2 0.7 12 0.6 30 0.5 45 0.2 20 0.1
3 10.0 40 9.9 39 9.8 41 9.7 9 9.6 36 9.4 28 9.3 17 9.0 6 8.8 24 8.7 8 8.6 58 8.5 43 8.4 4 8.3 18 8.1 57 7.8 10 7.6 15 7.5 56 7.4 16 7.3 22 7.2 14 6.9 20 6.8 5 6.7 53 6.6 42 6.4 27 6.3 32 6.1 55 6.0 21 5.9 33 5.8 12 5.7 38 4.9 59 4.8 45 4.6 31 4.2 34 4.1 30 4.0 11 3.8 46 3.5 54 3.0 13 2.7 50 2.6 25 2.5 60 2.4 26 2.3 52 1.9 1 1.8 19 1.7 2 1.6 49 1.5 23 1.3 44 1.1 29 1.0 48 0.9 37 0.6 47 0.5 35 0.4 51 0.3 7 0.0
25 9.8 44 9.5 27 8.9 11 8.8 59 8.7 56 8.6 16 8.4 34 8.2 3 8.1 53 8.0 8 7.8 9 7.7 20 7.6 23 7.5 13 7.4 36 7.2 30 7.0 51 6.9 43 6.8 28 6.6 46 6.5 2 6.4 48 6.2 38 6.0 39 5.9 19 5.7 45 5.6 17 5.5 50 5.4 14 5.3 37 5.0 54 4.9 6 4.6 33 4.5 47 4.4 35 4.3 21 4.1 22 3.6 49 3.1 5 2.7 57 2.6 32 2.3 42 2.2 12 2.1 26 2.0 18 1.9 60 1.7 4 1.6 41 1.5 15 1.3 24 1.2 10 1.1 31 0.9 29 0.8 58 0.7 55 0.6 7 0.3 40 0.2 52 0.1 1 0.0
52 9.8 36 9.6 32 9.5 21 9.3 23 9.2 10 9.1 29 8.8 53 8.5 40 8.4 48 8.1 22 7.9 38 7.6 33 7.5 51 7.1 46 7.0 8 6.9 30 6.8 16 6.7 6 6.6 28 6.5 15 6.4 49 6.1 12 5.7 9 5.6 7 5.5 5 5.4 20 5.2 37 5.1 50 4.9 60 4.6 24 4.5 1 4.3 3 3.9 54 3.8 43 3.6 26 3.4 59 3.3 31 3.2 14 3.0 39 2.9 4 2.8 35 2.7 56 2.6 45 2.5 2 2.4 34 2.2 27 2.1 18 2.0 42 1.9 58 1.8 47 1.5 55 1.4 13 1.3 19 1.1 11 1.0 41 0.8 57 0.7 44 0.5 17 0.3 25 0.0
54 9.9 43 9.7 21 9.6 36 9.5 11 9.4 8 9.1 48 9.0 53 8.9 22 8.7 58 8.6 28 8.1 46 8.0 42 7.9 32 7.8 40 7.7 38 7.6 33 7.2 6 6.9 10 6.7 4 6.4 27 6.3 34 6.2 2 6.1 17 5.9 31 5.8 19 5.6 55 5.4 59 5.2 16 5.1 56 5.0 45 4.9 25 4.8 51 4.7 50 4.4 18 4.3 5 4.2 47 4.0 1 3.7 15 3.6 12 3.5 41 3.0 26 2.9 13 2.7 9 2.5 52 2.3 39 2.2 30 2.1 3 1.8 37 1.7 7 1.6 44 1.4 23 1.3 20 1.2 24 1.1 60 1.0 57 0.9 35 0.5 29 0.4 14 0.2 49 0.0
28 9.9 58 9.8 41 9.3 53 9.2 43 9.1 36 8.6 49 8.5 59 8.4 42 8.3 31 8.2 13 8.0 30 7.9 22 7.6 48 7.5 10 7.4 34 7.3 9 7.2 32 7.1 7 6.9 57 6.8 20 6.7 37 6.6 23 6.1 18 5.8 27 5.7 55 5.3 26 5.2 60 5.1 33 5.0 44 4.9 46 4.8 25 4.5 5 4.3 47 4.2 50 4.1 54 4.0 56 3.9 19 3.8 4 3.6 14 3.5 21 3.3 39 3.1 51 2.7 15 2.5 17 2.4 35 2.3 38 2.1 1 2.0 12 1.8 40 1.5 29 1.3 6 1.2 16 1.0 8 0.8 2 0.7 45 0.5 11 0.4 3 0.3 24 0.1 52 0.0
20 9.9 29 9.8 41 9.7 32 9.5 6 9.3 50 9.2 39 9.1 48 9.0 31 8.9 11 8.8 5 8.7 14 8.4 52 8.1 56 8.0 23 7.7 42 7.4 1 7.3 28 7.2 21 7.1 54 6.8 47 6.7 7 6.6 43 6.5 55 6.4 37 6.3 3 6.2 2 6.1 25 6.0 44 5.5 58 5.4 12 5.3 13 5.1 17 5.0 26 4.8 57 4.6 45 4.5 35 4.4 18 4.3 36 4.2 38 4.1 27 3.6 60 3.5 46 3.3 22 3.2 4 3.1 59 2.9 16 2.8 30 2.5 53 2.4 40 1.7 33 1.6 15 1.3 24 1.0 51 0.9 19 0.8 10 0.4 34 0.3 8 0.2 9 0.1 49 0.0
5 9.9 17 9.3 28 9.2 13 9.1 3 8.9 55 8.8 4 8.4 54 8.3 2 8.2 31 8.1 25 8.0 53 7.9 52 7.8 16 7.7 46 7.3 59 6.9 15 6.8 45 6.5 37 6.2 36 6.0 30 5.8 43 5.6 21 5.5 41 5.4 40 5.3 8 5.2 27 5.1 35 5.0 22 4.9 1 4.8 11 4.4 49 4.3 6 4.2 9 4.1 10 4.0 56 3.8 19 3.7 58 3.6 14 3.3 12 3.1 51 3.0 44 2.9 33 2.8 60 2.7 42 2.6 7 2.5 39 2.4 32 2.3 24 2.1 57 2.0 50 1.9 34 1.8 38 1.5 48 1.4 18 1.2 23 0.9 29 0.6 47 0.4 20 0.3 26 0.2
1 10.0 56 9.9 20 9.8 29 9.6 30 9.3 33 8.9 19 8.8 50 8.6 39 8.5 6 8.4 12 8.1 15 7.9 32 7.8 7 7.7 42 7.6 8 7.1 28 6.8 41 6.5 45 6.2 53 6.0 51 5.9 3 5.8 57 5.7 46 5.6 22 5.4 44 5.3 40 5.1 27 5.0 26 4.9 2 4.6 18 4.4 5 4.3 37 4.2 10 3.9 49 3.7 31 3.6 34 3.4 58 3.3 52 3.1 55 2.9 43 2.7 9 2.6 16 2.5 35 2.4 14 2.3 54 2.2 13 2.1 11 1.9 17 1.8 21 1.5 38 1.4 25 1.2 4 1.1 60 1.0 24 0.9 59 0.7 36 0.6 23 0.5 48 0.3 47 0.2
3 10.0 32 9.8 48 9.5 53 9.2 29 8.9 28 8.8 44 8.6 52 8.5 30 8.4 1 8.3 60 8.2 10 8.1 19 8.0 47 7.8 13 7.7 49 7.6 31 7.3 27 7.2 46 7.1 55 7.0 33 6.9 57 6.4 9 6.3 4 6.2 54 6.0 23 5.9 40 5.7 18 5.6 51 5.5 41 5.4 50 5.3 35 5.2 14 5.1 39 5.0 43 4.9 7 4.6 6 4.4 8 4.3 17 4.2 2 4.1 58 3.9 37 3.5 15 3.4 21 3.3 11 3.2 24 3.1 25 2.9 59 2.8 42 2.5 22 2.1 38 1.6 34 1.5 16 1.4 5 1.3 26 1.1 36 0.8 56 0.5 12 0.4 20 0.2 45 0.1
18 9.9 37 9.5 7 9.3 42 9.0 53 8.5 8 8.4 28 8.2 20 8.1 49 8.0 34 7.9 21 7.5 19 7.3 47 7.1 17 6.9 35 6.8 32 6.7 45 6.4 41 6.3 26 6.2 16 5.9 33 5.8 3 5.7 31 5.6 52 5.5 43 5.4 9 5.3 24 5.1 12 5.0 46 4.9 15 4.8 13 4.7 54 4.6 50 4.5 40 4.4 57 4.3 11 4.2 4 4.1 59 4.0 48 3.7 29 3.6 22 3.4 58 3.3 30 3.0 44 2.9 38 2.8 55 2.6 56 2.5 2 2.4 60 2.3 27 1.9 23 1.8 6 1.6 14 1.3 5 1.0 51 0.9 1 0.8 10 0.7 36 0.6 25 0.1 39 0.0
37 10.0 39 9.6 22 9.4 24 9.2 44 9.0 8 8.9 36 8.8 3 8.5 18 8.4 51 8.3 58 8.2 47 8.0 26 7.8 60 7.7 38 7.6 11 7.4 28 7.3 16 7.1 42 7.0 33 6.8 57 6.7 10 6.5 45 6.4 27 6.2 53 6.0 12 5.9 7 5.8 19 5.5 56 5.4 59 5.3 6 5.1 34 4.9 40 4.8 41 4.7 23 4.6 54 4.4 14 4.3 17 4.2 46 4.0 49 3.9 13 3.7 55 3.6 2 3.5 15 3.3 1 3.2 43 3.1 50 2.9 29 2.8 52 2.7 21 2.6 9 2.4 20 2.2 25 2.0 48 1.3 35 1.2 4 0.9 30 0.7 5 0.5 32 0.3 31 0.0
11 10.0 4 9.8 38 9.7 55 9.5 52 9.4 16 9.3 43 9.2 17 9.1 51 8.8 41 8.7 3 8.6 8 8.5 29 8.4 58 8.2 25 7.9 13 7.7 18 7.5 33 7.4 22 7.3 36 7.2 47 6.8 14 6.6 31 6.5 32 6.2 40 6.1 30 6.0 44 5.9 48 5.8 6 5.7 26 5.5 12 5.4 49 5.2 46 5.1 42 4.6 5 4.5 45 4.4 37 4.3 28 4.2 24 3.8 54 3.6 57 3.5 15 3.1 27 3.0 50 2.8 60 2.7 2 2.5 1 2.4 53 2.3 34 2.2 20 2.0 59 1.8 39 1.6 35 1.5 9 1.2 21 1.0 23 0.9 7 0.8 56 0.3 19 0.2 10 0.1
57 10.0 10 9.8 38 9.6 35 9.4 40 9.2 4 9.1 7 8.8 51 8.6 26 8.5 46 8.4 16 8.3 24 8.2 54 7.9 6 7.8 5 7.5 60 7.4 11 7.0 43 6.8 22 6.7 55 6.5 44 6.4 28 6.3 56 5.9 15 5.8 32 5.6 2 5.5 45 5.3 8 5.2 23 5.1 58 5.0 42 4.8 14 4.6 52 4.5 33 4.2 39 3.9 49 3.7 1 3.5 25 3.4 12 3.3 20 2.9 48 2.7 53 2.3 30 2.2 29 2.0 50 1.9 31 1.8 18 1.7 13 1.6 27 1.5 37 1.4 3 1.1 59 1.0 19 0.9 34 0.7 17 0.6 21 0.5 36 0.4 47 0.3 9 0.2 41 0.0
32 10.0 27 9.8 3 9.6 41 9.4 59 9.2 5 9.1 16 9.0 60 8.9 14 8.8 31 8.7 48 8.6 9 8.3 35 8.1 37 8.0 43 7.9 45 7.8 53 7.7 13 7.2 24 6.9 56 6.8 34 6.7 26 6.6 2 6.4 47 6.3 6 6.1 44 6.0 18 5.8 46 5.7 11 5.0 30 4.9 29 4.6 55 4.4 15 4.2 25 4.1 50 4.0 40 3.9 58 3.7 42 3.6 17 3.5 38 3.3 8 3.1 28 3.0 39 2.8 4 2.6 1 2.3 54 2.2 51 2.1 22 2.0 19 1.8 12 1.7 52 1.6 10 1.5 23 1.2 7 1.1 33 0.6 36 0.5 21 0.4 49 0.3 57 0.2 20 0.0
50 10.0 31 9.9 33 9.8 2 9.5 46 9.4 17 9.2 14 9.1 52 8.8 60 8.7 43 8.6 36 8.4 6 8.3 30 8.2 24 8.0 40 7.9 44 7.7 8 7.6 47 7.4 20 7.3 34 7.1 13 7.0 19 6.9 57 6.8 58 6.7 39 6.5 9 5.9 3 5.8 25 5.6 12 5.3 53 5.2 10 5.0 28 4.9 22 4.8 56 4.7 11 4.5 35 4.0 4 3.7 45 3.3 51 3.2 49 3.0 38 2.8 55 2.7 29 2.5 7 2.3 5 2.2 37 2.1 48 1.9 16 1.8 21 1.7 32 1.4 42 1.3 23 1.2 1 1.1 15 0.9 59 0.6 27 0.5 41 0.4 18 0.3 54 0.1 26 0.0
46 9.8 60 9.7 55 9.6 11 9.4 13 8.8 50 8.7 41 8.6 49 8.5 37 8.4 59 8.3 19 8.2 8 8.1 20 8.0 44 7.8 33 7.6 57 7.4 47 7.1 58 7.0 40 6.8 52 6.7 23 6.6 36 6.5 18 6.4 30 6.3 42 6.1 10 5.8 45 5.7 26 5.6 27 5.3 31 5.2 12 4.7 54 4.5 56 4.2 32 4.1 25 4.0 17 3.7 48 3.6 35 3.5 38 3.4 14 3.2 2 3.1 28 2.9 21 2.7 53 2.6 34 2.4 24 2.3 4 2.1 7 2.0 6 1.8 16 1.7 51 1.6 43 1.4 9 1.3 22 1.2 5 1.1 3 0.8 15 0.7 29 0.5 1 0.2 39 0.1
35 10.0 28 9.9 60 9.8 17 9.7 43 9.5 38 9.4 21 9.2 39 9.1 42 8.8 53 8.7 13 8.5 45 8.3 56 8.2 3 8.1 10 8.0 8 7.9 20 7.8 24 7.7 5 7.5 49 7.1 18 6.9 19 6.7 55 6.5 14 6.3 37 6.2 2 5.9 47 5.8 7 5.7 44 5.6 26 5.4 58 5.2 40 5.1 59 5.0 32 4.9 30 4.7 4 4.3 57 4.2 15 4.1 52 4.0 34 3.8 9 3.6 11 3.4 25 3.0 23 2.7 6 2.6 41 2.5 54 2.3 27 2.1 50 1.9 46 1.7 12 1.6 48 1.3 51 1.1 36 0.9 31 0.7 1 0.5 16 0.4 22 0.3 29 0.1 33 0.0
21 9.9 53 9.8 15 9.7 46 9.6 6 9.3 10 9.1 5 8.9 59 8.8 17 8.6 13 8.5 37 8.1 12 8.0 36 7.9 14 7.7 18 7.5 3 7.4 1 7.3 50 7.1 47 7.0 31 6.9 11 6.7 56 6.6 38 6.4 42 5.8 32 5.6 26 5.5 51 5.4 58 5.3 41 5.2 40 5.0 43 4.9 20 4.8 29 4.6 4 4.5 27 4.4 28 4.3 19 4.0 24 3.9 60 3.7 33 3.5 23 3.4 30 3.2 9 3.1 39 3.0 34 2.5 44 2.2 2 2.1 16 1.8 45 1.7 7 1.6 48 1.5 35 1.4 49 1.3 55 1.2 8 0.9 54 0.6 52 0.5 57 0.3 25 0.2 22 0.1
48 10.0 47 9.8 8 9.4 31 9.2 42 9.1 1 9.0 53 8.9 9 8.7 41 8.6 5 8.5 14 7.9 46 7.8 60 7.6 21 7.3 25 7.1 26 7.0 35 6.8 55 6.7 13 6.6 27 6.4 11 6.3 32 6.0 12 5.9 59 5.8 17 5.7 34 5.6 24 5.5 52 5.3 28 5.1 22 5.0 20 4.8 7 4.6 18 4.5 16 4.3 6 4.2 38 4.0 36 3.9 30 3.8 49 3.7 40 3.6 37 3.5 50 3.4 10 3.3 56 3.1 23 2.9 15 2.8 45 2.5 39 2.4 33 2.3 57 2.2 3 2.1 4 1.6 44 1.5 51 1.3 43 1.1 54 1.0 29 0.8 19 0.7 2 0.3 58 0.1
33 10.0 23 9.9 36 9.8 41 9.7 58 9.6 4 9.5 49 9.3 14 9.2 15 9.1 35 9.0 2 8.8 18 8.6 28 8.4 21 8.2 53 8.1 48 7.7 22 7.5 13 7.4 19 7.3 31 7.1 25 7.0 60 6.8 8 6.6 56 6.3 16 6.1 59 6.0 1 5.9 11 5.8 40 5.6 3 5.4 29 5.2 24 5.0 27 4.8 39 4.7 55 4.6 52 4.5 34 4.4 26 4.1 50 4.0 46 3.9 9 3.8 42 3.7 44 3.6 43 3.2 57 3.1 10 3.0 47 2.6 7 2.4 5 2.2 51 2.1 32 2.0 6 1.9 54 1.6 37 1.5 12 1.4 45 1.1 30 0.9 20 0.8 38 0.4 17 0.2
47 9.9 25 9.8 55 9.7 17 9.6 49 9.5 44 9.4 8 9.3 56 9.2 12 9.1 9 9.0 32 8.8 23 8.6 48 8.4 40 8.3 42 8.2 43 8.1 13 8.0 24 7.5 14 7.2 2 7.1 29 6.8 53 6.7 10 6.5 4 6.3 30 6.1 16 6.0 31 5.9 21 5.6 22 5.4 5 5.0 37 4.9 19 4.8 3 4.7 28 4.6 6 4.4 39 4.3 46 4.1 1 4.0 20 3.9 33 3.8 51 3.6 27 3.1 18 3.0 45 2.9 7 2.8 15 2.7 54 2.6 52 2.4 59 2.3 36 2.2 38 1.9 41 1.7 57 1.5 26 1.3 35 1.2 60 0.7 58 0.6 11 0.4 50 0.3 34 0.2
26 9.8 7 9.7 23 9.5 42 9.4 46 9.3 20 9.2 54 8.9 1 8.6 24 8.5 50 8.4 5 8.3 10 8.2 9 7.8 55 7.5 2 7.4 44 7.3 57 7.2 48 6.9 60 6.7 4 6.5 17 6.4 6 6.1 53 5.8 14 5.7 27 5.6 13 5.5 38 5.4 28 5.1 8 4.9 3 4.7 31 4.5 52 4.1 58 3.9 11 3.7 19 3.5 32 3.4 41 3.3 21 3.1 30 3.0 22 2.9 16 2.7 39 2.5 36 2.4 43 2.3 34 2.1 25 2.0 29 1.9 40 1.8 12 1.5 18 1.4 33 1.2 45 1.1 51 1.0 49 0.8 59 0.7 56 0.6 15 0.5 35 0.4 47 0.3 37 0.2
21 9.8 45 9.7 6 9.5 43 9.4 40 9.1 56 8.6 16 8.4 4 8.3 37 8.2 25 7.8 19 7.7 52 7.5 9 7.4 39 7.3 38 7.0 20 6.9 36 6.7 55 6.6 60 6.4 48 6.2 2 6.1 41 5.7 24 5.6 46 5.5 7 5.3 51 5.0 23 4.8 32 4.7 49 4.6 57 4.5 34 4.2 11 4.1 47 3.9 14 3.7 17 3.6 10 3.5 8 3.3 35 3.0 27 2.9 44 2.8 18 2.7 59 2.6 5 2.3 12 2.2 15 2.1 31 2.0 54 1.9 33 1.8 26 1.7 1 1.6 29 1.5 13 1.3 22 1.0 58 0.9 42 0.8 28 0.4 50 0.3 53 0.2 3 0.1 30 0.0
27 9.7 50 9.5 16 9.3 37 9.2 22 9.1 7 9.0 48 8.8 31 8.7 58 8.6 1 8.2 46 8.1 52 8.0 4 7.8 23 7.7 17 7.5 39 7.4 21 7.3 28 7.2 34 7.0 9 6.9 18 6.8 33 6.7 12 6.6 38 6.4 40 6.3 43 6.1 54 6.0 25 5.5 3 5.4 44 5.3 56 5.0 11 4.7 41 4.6 59 4.4 26 4.3 42 4.0 15 3.9 60 3.8 19 3.7 24 3.5 35 3.4 20 3.3 2 2.9 47 2.8 6 2.7 49 2.6 53 2.5 36 2.4 5 2.2 10 1.7 32 1.5 8 1.1 13 0.9 45 0.8 51 0.7 57 0.6 30 0.4 14 0.3 55 0.2 29 0.1
7 9.8 57 9.7 36 9.6 35 9.5 5 9.4 49 9.3 39 9.2 10 9.1 56 9.0 32 8.9 14 8.7 40 8.4 4 8.3 8 8.0 27 7.8 2 7.7 15 7.5 55 7.4 3 7.1 52 6.9 51 6.5 19 6.2 13 6.1 38 5.9 30 5.6 31 5.5 12 5.4 16 5.3 53 5.2 23 5.0 17 4.6 24 4.5 22 4.3 33 4.2 6 4.1 43 3.9 11 3.8 29 3.7 9 3.6 58 3.4 21 3.2 20 2.9 42 2.8 34 2.7 60 2.6 25 2.5 18 1.9 48 1.6 41 1.5 46 1.4 47 1.3 26 1.2 50 1.0 59 0.9 54 0.8 45 0.5 1 0.4 28 0.3 37 0.2 44 0.1
11 10.0 54 9.9 41 9.8 28 9.7 20 9.6 12 9.5 6 9.4 3 9.3 57 9.2 16 9.1 46 8.7 49 8.4 60 8.2 34 8.1 21 7.9 14 7.8 26 7.7 31 7.6 1 7.5 33 7.4 50 7.3 19 7.2 43 7.0 4 6.9 5 6.7 51 6.6 56 6.3 9 6.2 55 5.8 8 5.6 23 5.5 25 5.4 15 5.1 37 5.0 13 4.9 36 4.7 24 4.4 58 4.3 53 4.1 48 3.9 59 3.8 18 3.7 10 3.6 22 3.1 17 3.0 40 2.9 44 2.6 29 2.5 30 2.4 39 2.3 42 2.1 38 2.0 2 1.6 35 1.2 52 1.1 47 1.0 32 0.6 7 0.5 45 0.1 27 0.0
44 10.0 27 9.9 35 9.7 23 9.6 3 9.5 60 9.2 58 9.0 51 8.9 22 8.8 2 8.7 43 8.6 9 8.4 30 8.3 18 8.2 13 8.1 49 8.0 47 7.9 6 7.7 1 7.5 5 7.4 45 7.0 42 6.6 10 6.5 31 6.4 17 6.2 46 6.1 50 6.0 53 5.9 14 5.8 59 5.5 28 5.4 19 5.3 16 5.1 54 5.0 26 4.3 25 3.9 34 3.7 4 3.6 39 3.2 24 3.1 7 2.9 48 2.8 29 2.4 21 2.3 52 2.2 55 2.0 20 1.8 33 1.7 12 1.6 57 1.4 15 1.2 36 1.1 38 1.0 11 0.9 37 0.7 32 0.6 41 0.3 8 0.2 56 0.1 40 0.0
35 9.9 51 9.7 52 9.6 13 9.5 46 9.2 2 9.0 53 8.8 58 8.7 56 8.6 20 8.4 3 8.2 17 7.9 41 7.8 39 7.6 34 7.2 45 7.1 48 6.9 37 6.6 22 6.5 23 6.4 55 6.2 49 6.1 21 6.0 25 5.9 18 5.8 50 5.3 42 5.2 27 5.1 31 4.9 59 4.7 57 4.5 15 4.1 26 4.0 16 3.9 1 3.8 44 3.6 40 3.5 32 3.4 60 3.3 36 3.2 7 3.0 43 2.9 29 2.8 4 2.7 14 2.6 6 2.4 30 2.2 33 2.1 38 1.9 19 1.7 47 1.5 28 1.4 24 1.3 11 1.2 9 1.1 5 0.9 8 0.8 54 0.6 10 0.5 12 0.0
7 9.8 28 9.6 25 9.5 44 9.3 42 9.2 17 9.1 29 9.0 57 8.9 34 8.6 24 8.5 50 8.1 58 7.9 32 7.6 31 7.3 30 7.2 56 7.1 48 7.0 3 6.6 16 6.4 49 6.3 54 6.1 51 6.0 37 5.8 18 5.7 10 5.3 45 5.2 8 5.0 35 4.9 36 4.7 55 4.5 52 4.4 38 4.3 5 4.1 11 4.0 15 3.9 19 3.8 2 3.7 53 3.6 13 3.5 33 3.4 40 3.3 46 3.1 6 2.9 22 2.6 9 2.5 20 2.2 14 2.1 47 2.0 23 1.9 12 1.8 43 1.7 41 1.6 27 1.3 1 1.1 26 1.0 39 0.6 21 0.5 59 0.4 4 0.2 60 0.0
44 9.8 11 9.7 41 9.6 50 9.5 57 9.4 48 9.3 35 9.2 15 9.0 12 8.7 2 8.5 21 8.3 8 8.2 17 8.1 36 7.9 43 7.8 20 7.6 31 7.5 7 7.4 24 7.2 29 6.9 47 6.6 39 6.5 45 6.4 18 6.1 22 6.0 23 5.8 42 5.7 10 5.6 53 5.4 3 5.3 30 5.2 58 5.1 46 5.0 27 4.7 28 4.6 37 4.3 14 3.9 49 3.3 51 3.2 6 3.1 16 2.9 5 2.5 34 2.3 26 2.0 56 1.9 4 1.8 60 1.7 33 1.6 52 1.5 1 1.4 55 1.3 25 1.1 32 1.0 38 0.7 40 0.6 54 0.5 59 0.4 13 0.3 19 0.2 9 0.1
41 10.0 30 9.9 13 9.7 57 9.6 43 9.4 17 9.3 49 9.0 15 8.8 19 8.7 22 8.6 47 8.5 25 8.2 44 8.0 54 7.8 27 7.7 28 7.3 35 7.2 14 7.0 20 6.8 59 6.7 56 6.6 3 6.5 32 6.4 24 6.3 38 6.2 39 6.1 55 6.0 40 5.9 53 5.8 21 5.5 16 5.3 5 5.2 8 5.1 51 4.9 2 4.8 26 4.7 23 4.4 7 4.1 42 4.0 33 3.9 18 3.6 12 3.5 52 3.3 29 3.2 60 3.0 37 2.9 11 2.8 58 2.5 6 2.2 46 1.9 50 1.6 45 1.4 1 1.2 48 1.0 10 0.9 4 0.7 34 0.6 36 0.5 31 0.1 9 0.0
47 10.0 58 9.9 41 9.8 11 9.4 52 9.1 12 8.8 20 8.7 50 8.6 22 8.4 42 8.3 2 8.1 38 7.9 55 7.8 44 7.7 7 7.5 33 7.4 29 7.2 60 7.0 53 6.9 3 6.8 45 6.6 30 6.5 46 6.4 16 6.3 51 6.1 36 5.9 56 5.8 34 5.6 21 5.4 43 5.3 31 5.2 26 5.1 18 4.5 40 4.4 37 4.2 13 4.1 28 4.0 57 3.9 48 3.6 14 3.5 9 3.4 54 3.3 39 3.1 10 2.9 1 2.8 35 2.7 27 2.2 32 1.9 4 1.8 6 1.7 5 1.6 49 1.5 15 1.4 8 1.1 19 0.7 25 0.6 23 0.5 17 0.4 59 0.2 24 0.0
9 10.0 31 9.9 34 9.8 20 9.6 36 9.4 2 9.1 58 8.8 30 8.7 51 8.4 35 8.3 4 8.1 22 8.0 42 7.8 13 7.6 14 7.4 46 7.3 28 7.1 24 7.0 37 6.9 40 6.7 54 6.5 44 6.4 5 6.3 39 6.2 38 6.0 11 5.9 52 5.8 59 5.7 48 5.5 56 5.4 32 5.2 3 5.1 53 5.0 16 4.7 50 4.6 55 4.3 45 4.2 18 3.9 6 3.8 33 3.7 23 3.6 10 3.4 26 3.2 7 3.1 21 2.8 25 2.6 60 2.4 41 2.2 47 2.0 57 1.8 49 1.6 27 1.5 15 1.3 12 1.2 29 1.1 8 0.8 1 0.6 19 0.4 43 0.2 17 0.1
40 10.0 55 9.9 12 9.7 41 9.6 44 9.5 46 9.4 39 9.2 13 8.9 15 8.6 58 8.5 45 8.2 42 8.0 48 7.9 9 7.8 17 7.7 36 7.5 21 7.4 2 7.3 49 7.1 3 6.9 54 6.8 47 6.6 37 6.5 6 6.4 1 6.3 19 6.1 51 5.9 4 5.7 7 5.6 53 5.4 31 5.1 29 4.9 20 4.3 18 4.2 26 4.1 22 4.0 60 3.8 52 3.7 28 3.5 25 3.1 5 2.8 10 2.7 30 2.5 27 2.2 57 2.1 38 2.0 33 1.9 32 1.8 14 1.7 59 1.6 43 1.5 34 1.3 35 1.2 8 1.0 56 0.9 24 0.7 23 0.5 11 0.4 16 0.1 50 0.0
31 10.0 1 9.8 58 9.7 18 9.6 57 9.5 6 9.4 44 9.3 39 8.8 49 8.7 48 8.6 13 8.5 51 8.4 27 8.2 47 8.1 19 8.0 55 7.9 40 7.7 36 7.5 8 7.2 41 7.0 32 6.8 11 6.7 23 6.6 28 6.5 50 6.4 43 6.3 59 6.2 17 6.0 3 5.9 9 5.8 16 5.7 42 5.6 4 5.5 33 5.3 54 5.2 20 5.0 26 4.9 15 4.4 22 4.2 35 3.9 34 3.8 25 3.7 29 3.3 46 3.1 7 2.5 56 2.4 2 2.2 53 2.1 52 1.5 14 1.4 30 1.2 38 0.9 5 0.8 45 0.6 21 0.5 60 0.4 12 0.3 24 0.2 10 0.1 37 0.0
45 10.0 9 9.9 17 9.8 11 9.6 48 8.9 55 8.6 56 8.4 29 8.3 37 8.2 8 8.1 60 7.9 24 7.8 32 7.7 58 7.6 5 7.5 13 7.3 44 7.2 30 7.1 38 6.8 43 6.7 34 6.6 46 6.5 18 6.2 2 6.1 49 5.8 31 5.3 41 5.1 33 5.0 57 4.9 47 4.7 27 4.4 52 4.3 28 3.8 53 3.7 15 3.5 54 3.4 26 3.3 16 3.2 19 3.1 39 3.0 35 2.9 21 2.8 59 2.2 12 2.1 10 2.0 20 1.9 3 1.8 1 1.7 40 1.5 42 1.2 23 1.1 36 1.0 7 0.9 6 0.8 51 0.7 4 0.5 25 0.4 14 0.3 50 0.1 22 0.0
