70 70 20
24 10.0 8 9.8 30 9.7 39 9.5 17 9.4 40 9.3 20 9.2 60 8.9 25 8.8 45 8.7 62 8.6 61 8.5 56 8.3 69 8.1 27 8.0 68 7.5 31 7.4 10 7.3 13 7.2 21 7.0 51 6.9 50 6.7 6 6.6 58 6.5 66 6.4 2 6.3 53 6.2 44 6.1 47 6.0 54 5.9 35 5.7 9 5.5 26 5.4 15 5.3 52 5.1 5 5.0 37 4.8 16 4.7 7 4.5 12 4.4 11 4.2 59 4.1 36 4.0 3 3.8 33 3.7 65 3.6 29 3.5 43 3.4 41 3.2 38 3.1 14 2.7 28 2.5 42 2.4 49 2.3 18 2.1 34 1.9 19 1.7 22 1.6 4 1.5 55 1.4 46 1.2 1 1.0 70 0.9 32 0.7 64 0.5 57 0.4 63 0.3 67 0.2 23 0.1 48 0.0
56 9.9 19 9.8 43 9.7 31 9.6 48 9.4 41 9.3 28 9.1 46 8.9 63 8.7 52 8.5 35 8.1 7 7.9 14 7.8 38 7.7 10 7.5 29 7.4 32 7.3 40 7.2 53 7.1 65 7.0 21 6.9 66 6.4 11 6.3 2 6.2 8 6.0 42 5.8 37 5.7 61 5.6 22 5.5 17 5.4 57 5.3 59 5.0 1 4.9 26 4.5 23 4.4 51 4.3 9 4.2 6 4.0 34 3.9 67 3.8 54 3.7 47 3.6 69 3.3 4 3.2 16 3.0 27 2.9 55 2.8 39 2.7 3 2.6 60 2.5 50 2.3 25 2.2 24 2.1 15 2.0 62 1.9 58 1.8 44 1.7 20 1.6 68 1.5 33 1.4 64 1.2 45 1.1 70 1.0 5 0.9 49 0.7 12 0.6 18 0.5 30 0.3 13 0.1 36 0.0
20 9.8 56 9.7 70 9.6 37 9.5 16 9.4 35 9.1 51 8.9 64 8.7 42 8.5 9 8.4 47 8.3 32 8.2 14 8.0 28 7.9 63 7.8 1 7.7 48 7.6 30 7.4 39 7.3 22 7.2 53 7.1 60 7.0 3 6.9 41 6.8 15 6.6 45 6.4 21 6.1 58 6.0 43 5.7 55 5.6 5 5.4 67 5.3 54 5.1 25 5.0 34 4.8 12 4.7 59 4.5 69 4.4 49 4.3 62 4.0 36 3.9 23 3.7 57 3.6 52 3.5 44 3.3 27 3.1 6 3.0 50 2.9 17 2.8 18 2.7 38 2.6 46 2.4 68 2.2 8 2.0 31 1.9 10 1.8 66 1.6 40 1.5 2 1.4 13 1.3 65 1.1 24 1.0 19 0.9 61 0.8 26 0.7 11 0.5 29 0.3 4 0.2 7 0.1 33 0.0
34 10.0 35 9.9 43 9.6 58 9.4 54 9.0 18 8.8 15 8.7 17 8.6 5 8.5 41 8.4 67 8.1 61 8.0 10 7.9 44 7.8 11 7.6 13 7.5 8 7.3 70 7.2 23 7.0 49 6.9 42 6.8 50 6.7 33 6.6 12 6.4 28 6.3 53 6.2 3 6.1 26 6.0 38 5.9 22 5.8 68 5.7 66 5.6 25 5.5 57 5.3 63 5.2 2 5.1 16 4.9 40 4.8 6 4.7 24 4.6 48 4.5 69 4.3 52 4.1 21 3.9 29 3.8 45 3.7 20 3.5 36 3.4 4 3.3 30 3.1 19 3.0 9 2.5 64 2.4 51 2.3 55 2.2 37 2.0 60 1.9 14 1.8 7 1.7 59 1.6 1 1.5 46 1.3 31 1.2 47 1.1 32 0.9 62 0.7 39 0.6 27 0.5 65 0.3 56 0.2
48 9.9 36 9.8 50 9.7 4 9.5 52 9.2 58 9.1 15 9.0 14 8.9 46 8.8 45 8.5 25 8.4 16 8.3 1 8.2 61 8.1 69 7.7 64 7.5 59 7.4 53 7.3 66 7.2 34 6.9 55 6.8 41 6.7 28 6.6 6 6.5 44 6.4 40 6.2 35 6.0 5 5.8 27 5.5 39 5.3 68 5.2 10 5.1 33 5.0 13 4.8 70 4.7 67 4.6 43 4.5 32 4.2 3 3.9 51 3.8 7 3.7 38 3.6 30 3.5 20 3.4 65 3.1 9 3.0 63 2.9 49 2.8 54 2.7 56 2.6 42 2.5 12 2.4 26 2.3 17 2.2 11 2.1 47 2.0 21 1.8 37 1.7 18 1.6 19 1.5 22 1.4 23 1.2 29 1.1 60 1.0 57 0.9 24 0.7 2 0.6 62 0.5 8 0.3 31 0.0
12 10.0 47 9.8 2 9.7 62 9.4 9 9.3 43 9.2 31 9.1 33 9.0 32 8.9 63 8.8 48 8.7 10 8.4 14 8.2 29 8.0 65 7.7 52 7.6 46 7.5 11 7.4 5 7.3 64 7.2 44 7.0 37 6.8 42 6.7 45 6.6 54 6.5 49 6.1 58 6.0 53 5.9 7 5.8 60 5.7 3 5.6 50 5.1 36 5.0 34 4.9 55 4.7 40 4.6 61 4.4 30 4.3 27 4.2 24 4.1 15 4.0 41 3.9 21 3.8 51 3.4 16 3.3 13 3.1 23 3.0 38 2.9 20 2.8 69 2.7 39 2.6 66 2.5 19 2.4 8 2.2 35 2.1 67 2.0 57 1.8 28 1.7 56 1.6 25 1.5 18 1.4 4 1.3 68 1.2 22 1.0 59 0.9 6 0.8 26 0.5 1 0.4 17 0.3 70 0.1
62 10.0 50 9.9 3 9.8 44 9.7 28 9.5 45 9.3 49 9.1 65 9.0 63 8.9 42 8.8 36 8.7 9 8.5 67 8.3 37 8.1 16 8.0 18 7.8 23 7.7 53 7.3 31 7.2 7 7.0 41 6.9 19 6.8 21 6.6 4 5.9 51 5.8 55 5.7 40 5.6 68 5.5 29 5.4 20 5.3 13 5.2 69 5.1 8 4.9 15 4.8 2 4.7 32 4.6 46 4.5 12 4.4 26 4.2 33 4.1 64 4.0 70 3.9 6 3.7 27 3.6 1 3.5 22 3.3 17 3.1 61 3.0 24 2.9 39 2.8 56 2.7 54 2.6 43 2.5 57 2.3 59 2.2 14 2.1 38 2.0 52 1.9 60 1.6 47 1.4 5 1.3 25 1.1 30 1.0 66 0.8 58 0.7 11 0.6 48 0.5 34 0.3 35 0.2 10 0.0
57 9.9 23 9.8 65 9.7 9 9.6 64 9.4 17 9.3 16 9.2 2 9.0 35 8.9 49 8.8 19 8.7 7 8.6 39 8.2 51 8.1 55 8.0 26 7.8 32 7.7 38 7.5 42 7.4 66 7.3 18 7.2 59 6.9 24 6.6 30 6.5 56 6.4 50 6.3 48 6.2 52 6.1 28 6.0 20 5.9 40 5.8 22 5.3 63 5.2 46 5.0 12 4.7 27 4.6 11 4.4 70 4.3 53 4.2 41 4.1 21 3.9 45 3.8 10 3.7 62 3.6 33 3.5 67 3.3 13 3.2 68 3.1 5 3.0 47 2.7 60 2.6 36 2.5 25 2.4 44 2.1 43 1.9 54 1.8 58 1.7 37 1.6 34 1.5 15 1.4 31 1.2 4 1.1 69 1.0 29 0.7 14 0.6 1 0.5 3 0.4 8 0.3 61 0.2 6 0.0
4 10.0 11 9.9 70 9.7 41 9.6 52 9.5 33 9.1 57 9.0 50 8.9 53 8.8 40 8.7 6 8.6 8 8.4 2 8.3 22 8.2 17 8.1 23 8.0 62 7.9 47 7.8 63 7.7 24 7.6 67 7.3 5 7.1 44 7.0 61 6.9 18 6.8 19 6.4 12 6.3 15 6.2 7 6.0 60 5.9 34 5.8 46 5.7 36 5.6 51 5.5 13 5.4 65 5.3 21 5.1 25 5.0 30 4.9 68 4.6 48 4.5 49 4.3 45 4.2 14 3.8 26 3.7 58 3.6 64 3.4 9 3.3 39 3.1 1 3.0 32 2.9 20 2.6 69 2.5 56 2.2 3 2.1 43 1.8 66 1.7 10 1.6 54 1.5 55 1.2 35 1.1 16 1.0 31 0.9 28 0.7 38 0.6 42 0.4 29 0.3 27 0.2 59 0.1 37 0.0
45 10.0 48 9.9 31 9.8 58 9.7 2 9.5 37 9.1 38 8.9 3 8.8 25 8.7 47 8.6 6 8.5 13 8.3 9 8.1 32 8.0 33 7.9 56 7.8 20 7.7 28 7.5 14 7.4 52 7.3 26 7.1 51 7.0 62 6.9 21 6.7 12 6.6 55 6.5 10 6.3 22 6.1 19 5.7 36 5.6 8 5.4 59 5.3 16 5.2 18 5.1 40 5.0 63 4.9 65 4.8 44 4.6 35 4.4 1 4.2 30 3.9 29 3.7 39 3.6 42 3.5 57 3.4 43 3.3 50 3.2 41 2.9 5 2.8 49 2.7 64 2.6 34 2.5 54 2.4 66 2.3 70 2.2 68 2.1 46 1.9 53 1.8 15 1.7 11 1.5 23 1.3 17 1.2 4 1.1 69 1.0 61 0.9 24 0.8 60 0.5 27 0.4 7 0.2 67 0.0
30 9.9 45 9.8 57 9.7 55 9.6 43 9.5 5 9.4 40 9.3 1 9.2 14 9.0 35 8.9 47 8.8 63 8.6 67 8.5 21 8.4 28 8.3 70 8.2 56 8.1 61 7.9 44 7.8 33 7.7 48 7.6 27 7.5 53 7.4 42 7.3 32 7.2 34 7.0 10 6.8 9 6.7 64 6.5 13 6.2 37 6.0 31 5.5 60 5.3 46 5.2 29 4.9 26 4.7 65 4.6 69 4.5 18 4.4 50 4.3 4 4.1 54 4.0 36 3.9 51 3.8 12 3.7 41 3.6 2 3.5 25 3.3 68 3.2 38 3.0 58 2.8 16 2.6 7 2.5 39 2.2 66 2.1 11 2.0 6 1.9 15 1.8 24 1.6 49 1.5 62 1.4 22 1.3 19 1.2 3 0.9 52 0.7 8 0.6 20 0.4 23 0.3 59 0.2 17 0.1
34 10.0 52 9.8 60 9.6 55 9.4 19 9.3 68 9.2 35 9.0 22 8.9 70 8.8 37 8.6 56 8.4 29 8.3 9 8.2 44 8.1 50 8.0 41 7.9 32 7.5 62 7.4 58 7.3 42 7.2 27 7.1 54 6.9 36 6.6 51 6.4 4 6.3 25 6.2 18 6.1 47 6.0 11 5.9 3 5.8 38 5.7 40 5.5 20 5.3 66 5.2 2 5.0 57 4.9 31 4.7 28 4.6 24 4.3 45 4.1 53 4.0 67 3.9 61 3.8 64 3.6 69 3.4 17 3.3 10 3.2 48 3.1 16 3.0 5 2.9 26 2.7 33 2.6 7 2.4 15 2.2 13 1.9 65 1.8 59 1.7 14 1.6 21 1.5 46 1.4 6 1.3 8 1.2 12 1.0 49 0.9 1 0.8 30 0.7 43 0.6 39 0.3 23 0.2 63 0.0
64 9.9 28 9.8 34 9.6 43 9.5 66 9.3 22 9.2 19 9.1 38 8.9 60 8.8 24 8.7 3 8.6 11 8.5 18 8.4 33 8.3 53 8.2 65 8.1 12 7.6 10 7.5 5 7.4 57 7.2 48 7.0 49 6.9 51 6.8 6 6.6 67 6.3 50 6.1 29 6.0 45 5.7 61 5.6 36 5.4 21 5.3 56 5.2 55 5.1 7 4.8 44 4.7 8 4.6 32 4.4 15 4.3 40 4.2 13 4.0 25 3.9 52 3.8 31 3.7 23 3.5 58 3.4 1 3.3 39 3.1 59 2.9 30 2.8 20 2.6 42 2.4 47 2.3 68 2.2 35 2.1 17 2.0 2 1.8 63 1.7 9 1.6 54 1.4 27 1.3 41 1.1 70 1.0 46 0.9 26 0.8 69 0.7 62 0.5 16 0.3 4 0.2 37 0.1 14 0.0
43 10.0 17 9.9 35 9.8 25 9.7 23 9.2 41 9.1 59 9.0 32 8.9 64 8.8 50 8.7 52 8.6 38 8.4 63 8.2 24 8.0 4 7.7 34 7.6 1 7.5 46 7.4 39 7.3 45 7.1 16 6.9 37 6.2 60 5.9 67 5.8 3 5.6 33 5.5 6 5.4 66 5.1 61 5.0 8 4.9 21 4.8 19 4.7 42 4.5 40 4.4 48 4.3 26 4.2 22 4.1 7 3.9 31 3.8 13 3.7 29 3.6 18 3.5 14 3.4 5 3.3 53 3.2 49 3.0 57 2.9 70 2.8 20 2.7 58 2.5 55 2.4 9 2.3 51 2.2 44 2.1 36 2.0 11 1.9 62 1.7 65 1.6 10 1.3 30 1.2 2 1.1 27 0.8 69 0.7 68 0.6 54 0.5 47 0.4 28 0.3 15 0.2 56 0.1 12 0.0
21 10.0 7 9.9 39 9.8 70 9.6 67 9.5 10 9.4 59 9.3 17 9.2 1 9.1 32 8.8 4 8.7 52 8.6 33 8.1 68 7.9 26 7.8 22 7.7 42 7.6 30 7.5 41 7.3 55 7.1 34 7.0 27 6.9 63 6.7 60 6.6 15 6.5 56 6.4 29 6.3 31 6.2 14 6.1 46 6.0 18 5.9 57 5.8 44 5.7 36 5.4 25 5.3 2 5.2 35 5.1 12 5.0 16 4.9 23 4.7 19 4.4 38 4.2 62 4.0 65 3.9 24 3.8 9 3.5 8 3.4 28 3.3 66 3.1 51 2.9 6 2.8 47 2.7 5 2.6 45 2.4 37 2.2 69 2.0 64 1.8 40 1.7 50 1.6 13 1.4 11 1.1 43 1.0 49 0.9 3 0.7 54 0.6 20 0.4 61 0.3 53 0.2 58 0.1 48 0.0
48 10.0 47 9.8 19 9.7 27 9.6 68 9.4 15 9.1 13 9.0 2 8.9 60 8.8 36 8.7 65 8.5 57 8.4 1 8.3 61 8.2 58 8.1 14 8.0 43 7.6 31 7.5 29 7.3 11 7.2 12 7.1 59 7.0 42 6.9 41 6.6 8 6.5 40 6.3 39 6.1 22 5.9 16 5.7 9 5.6 63 5.4 64 5.1 62 5.0 25 4.9 23 4.8 69 4.7 44 4.6 32 4.5 50 4.4 28 4.2 17 4.0 30 3.6 10 3.5 20 3.4 33 3.3 67 3.0 49 2.9 37 2.8 26 2.6 38 2.5 6 2.4 7 2.2 46 1.9 55 1.8 54 1.7 18 1.6 24 1.5 52 1.2 45 1.1 5 1.0 53 0.9 3 0.8 21 0.7 56 0.6 66 0.5 34 0.4 70 0.3 51 0.2 4 0.1 35 0.0
47 10.0 20 9.9 46 9.8 17 9.7 56 9.6 53 9.5 48 9.4 8 9.3 21 9.2 64 9.1 42 8.8 3 8.7 1 8.6 10 8.5 69 8.2 54 8.1 14 8.0 59 7.9 62 7.8 24 7.7 22 7.3 30 7.2 39 6.8 2 6.7 9 6.6 29 6.5 33 6.3 15 6.2 52 6.1 50 5.9 61 5.7 28 5.6 23 5.5 63 5.4 41 5.2 31 5.1 16 5.0 11 4.7 4 4.6 19 4.4 57 4.3 70 4.1 55 3.8 32 3.7 49 3.5 7 3.4 36 3.3 43 3.0 37 2.9 44 2.7 12 2.6 27 2.5 38 2.4 67 1.9 58 1.8 13 1.7 45 1.6 68 1.4 60 1.3 40 1.2 35 1.1 66 1.0 18 0.9 26 0.8 34 0.6 5 0.5 65 0.4 51 0.3 25 0.2 6 0.0
4 9.8 56 9.7 68 9.5 16 9.4 14 9.3 31 9.2 50 9.1 26 9.0 51 8.6 53 8.5 5 8.4 13 8.1 20 8.0 15 7.9 66 7.8 34 7.5 38 7.4 58 7.3 33 7.2 41 7.0 63 6.9 47 6.6 27 6.5 40 6.4 1 6.3 24 6.0 9 5.9 30 5.8 55 5.6 36 5.5 6 5.4 18 5.3 23 5.1 21 4.9 19 4.8 8 4.7 2 4.6 44 4.5 29 4.3 37 4.2 57 4.1 64 4.0 52 3.7 17 3.5 70 3.4 69 3.3 61 3.2 28 3.1 22 3.0 3 2.9 42 2.8 35 2.6 45 2.5 54 2.4 65 2.1 39 2.0 43 1.9 11 1.8 25 1.6 32 1.5 46 1.4 62 1.3 59 1.1 60 0.9 10 0.8 12 0.7 7 0.6 48 0.5 67 0.4 49 0.0
28 10.0 52 9.9 61 9.7 4 9.4 25 9.3 14 9.1 20 9.0 63 8.9 37 8.8 68 8.7 66 8.6 30 8.5 6 8.3 29 8.0 67 7.9 46 7.8 48 7.6 40 7.5 33 7.4 23 7.3 47 7.1 7 7.0 3 6.9 18 6.7 57 6.6 32 6.5 55 6.4 21 6.3 43 6.2 10 6.1 38 6.0 9 5.9 60 5.7 22 5.6 24 5.5 44 5.1 19 5.0 54 4.9 64 4.7 2 4.5 27 4.3 69 4.2 36 3.8 42 3.7 35 3.6 58 3.5 8 3.3 13 3.2 56 3.0 41 2.8 17 2.7 51 2.6 26 2.3 39 2.2 16 1.8 1 1.7 49 1.6 45 1.4 34 1.2 5 1.0 11 0.9 59 0.8 50 0.7 31 0.6 62 0.5 53 0.4 70 0.3 65 0.2 15 0.1 12 0.0
12 9.9 51 9.7 9 9.6 28 9.5 52 9.4 14 9.2 18 8.9 36 8.7 46 8.5 27 8.3 57 8.2 31 8.1 5 7.7 43 7.6 19 7.2 16 7.1 62 6.9 4 6.8 25 6.7 54 6.6 53 6.5 49 6.4 11 6.2 6 6.1 40 6.0 8 5.8 33 5.7 22 5.6 10 5.4 1 5.3 24 5.2 37 5.1 58 5.0 7 4.9 48 4.8 70 4.6 59 4.5 21 4.4 45 4.1 61 3.9 3 3.8 56 3.7 50 3.6 17 3.5 29 3.4 34 3.3 41 3.2 15 3.0 38 2.9 44 2.8 26 2.7 47 2.5 32 2.4 64 2.3 20 2.1 67 1.9 30 1.7 42 1.6 39 1.5 23 1.3 65 1.2 13 1.1 68 1.0 63 0.8 69 0.7 66 0.6 35 0.5 2 0.4 55 0.1 60 0.0
19 9.9 28 9.7 61 9.6 66 9.0 20 8.8 22 8.7 48 8.6 45 8.5 12 8.4 14 8.3 70 8.2 33 8.1 23 8.0 54 7.9 49 7.8 47 7.7 1 7.6 29 7.5 25 7.4 31 7.2 27 7.1 9 6.9 60 6.5 39 6.4 4 6.3 21 6.2 5 6.1 11 6.0 42 5.9 62 5.7 34 5.6 6 5.5 18 5.4 67 5.2 68 5.1 65 4.9 32 4.7 15 4.6 69 4.5 13 4.0 7 3.9 17 3.7 63 3.5 3 3.4 64 3.3 38 3.2 59 3.0 43 2.9 56 2.6 52 2.5 35 2.4 58 2.2 41 2.0 46 1.9 44 1.8 51 1.7 26 1.6 53 1.5 16 1.4 57 1.3 10 1.2 2 1.1 36 1.0 50 0.9 37 0.8 30 0.7 40 0.5 24 0.4 55 0.1 8 0.0
5 10.0 33 9.9 20 9.7 69 9.6 46 9.5 16 9.4 12 9.3 49 9.2 2 9.0 54 8.9 55 8.8 58 8.7 31 8.5 1 8.4 38 8.2 9 8.1 21 7.8 14 7.3 37 7.2 61 7.0 57 6.9 59 6.7 51 6.5 43 6.4 24 6.3 50 6.2 62 6.1 26 6.0 64 5.9 10 5.8 68 5.6 56 5.5 52 5.3 35 5.2 7 5.1 23 4.9 18 4.6 11 4.5 60 4.4 45 4.3 40 4.2 27 4.1 70 4.0 17 3.9 63 3.8 39 3.6 34 3.5 41 3.4 32 3.1 4 3.0 28 2.9 67 2.7 30 2.6 15 2.5 29 2.3 8 2.2 6 2.0 13 1.9 53 1.8 44 1.6 36 1.5 48 1.3 42 1.2 3 1.1 47 1.0 25 0.9 22 0.6 19 0.3 65 0.2 66 0.0
15 10.0 4 9.9 47 9.7 59 9.6 65 9.4 51 9.3 53 9.2 18 9.1 63 9.0 17 8.9 21 8.8 10 8.6 66 8.5 57 8.3 34 8.2 8 8.1 33 7.8 58 7.6 1 7.5 20 7.2 25 7.1 55 7.0 54 6.9 22 6.8 62 6.7 13 6.6 36 6.4 29 6.1 24 6.0 14 5.9 6 5.8 60 5.7 11 5.5 26 4.9 46 4.7 39 4.6 23 4.5 44 4.4 68 4.3 42 4.2 38 4.1 70 3.9 61 3.8 49 3.6 27 3.3 56 3.1 45 3.0 52 2.7 12 2.6 37 2.5 30 2.3 19 2.1 67 1.9 50 1.8 16 1.7 69 1.6 9 1.4 41 1.3 35 1.1 32 1.0 5 0.9 2 0.8 40 0.7 31 0.6 28 0.5 43 0.4 7 0.3 48 0.2 3 0.1 64 0.0
69 10.0 31 9.9 10 9.6 15 9.5 26 9.4 29 9.3 51 9.2 45 9.1 3 9.0 14 8.8 42 8.7 21 8.6 37 8.5 17 8.4 2 8.3 23 8.2 63 8.0 68 7.9 28 7.8 56 7.6 18 7.5 47 7.3 40 7.2 41 6.9 52 6.8 60 6.7 57 6.6 16 6.4 61 6.3 59 6.2 32 6.0 50 5.9 48 5.6 65 5.5 20 5.3 54 5.2 19 5.1 64 4.9 34 4.8 55 4.7 30 4.6 1 4.3 66 4.0 6 3.9 53 3.8 8 3.7 13 3.5 36 3.3 39 3.2 27 3.1 67 3.0 9 2.9 46 2.8 4 2.7 5 2.5 33 2.3 12 2.2 35 2.0 11 1.9 38 1.8 7 1.6 49 1.5 70 1.3 22 1.1 43 0.9 62 0.8 24 0.5 25 0.3 44 0.1 58 0.0
7 10.0 70 9.9 23 9.8 56 9.7 16 9.6 39 9.4 1 9.3 29 9.2 24 9.1 52 9.0 35 8.9 67 8.8 45 8.7 58 8.5 30 8.4 11 8.3 37 8.2 42 8.1 26 8.0 14 7.9 55 7.8 5 7.6 20 7.5 66 7.4 48 7.3 12 7.1 8 7.0 43 6.9 18 6.7 25 6.1 64 6.0 2 5.9 50 5.8 36 5.7 3 5.3 44 5.1 17 4.9 28 4.6 22 4.5 62 4.4 32 4.3 46 4.2 60 4.0 68 3.9 53 3.8 40 3.6 4 3.5 69 3.4 34 3.3 19 3.2 41 3.1 31 3.0 54 2.9 61 2.8 10 2.6 21 2.4 59 2.1 6 2.0 49 1.9 63 1.4 27 1.3 51 1.0 9 0.8 57 0.7 38 0.6 15 0.5 47 0.4 13 0.2 65 0.1 33 0.0
48 10.0 33 9.8 25 9.6 55 9.5 46 9.4 35 9.3 23 9.1 7 8.9 4 8.8 60 8.7 16 8.5 2 8.4 21 8.3 31 8.2 54 8.1 51 8.0 38 7.8 47 7.7 15 7.5 42 7.4 1 7.3 28 7.2 10 6.9 45 6.8 27 6.7 5 6.5 3 6.4 53 6.3 66 6.1 67 6.0 9 5.8 59 5.7 61 5.5 37 5.4 34 5.2 57 5.1 20 5.0 39 4.9 13 4.8 41 4.7 11 4.3 14 4.0 19 3.9 24 3.4 32 3.3 50 3.2 44 3.1 40 3.0 58 2.9 43 2.8 18 2.7 17 2.5 64 2.4 30 2.3 62 2.2 69 2.0 8 1.9 70 1.8 56 1.7 52 1.6 26 1.3 12 1.2 68 1.1 36 0.8 22 0.7 49 0.6 6 0.5 29 0.3 63 0.2 65 0.1
39 10.0 6 9.7 10 9.6 38 9.5 5 9.2 4 9.1 2 9.0 41 8.9 67 8.8 31 8.7 63 8.6 24 8.5 60 8.4 17 8.1 62 7.9 15 7.8 64 7.7 26 7.6 25 7.5 53 7.4 37 6.9 54 6.8 21 6.6 13 6.5 33 6.3 40 6.1 1 5.9 47 5.8 30 5.6 12 5.5 45 5.4 48 5.2 23 5.0 46 4.9 14 4.7 22 4.6 57 4.5 27 4.4 7 4.3 69 4.2 44 4.0 43 3.8 68 3.5 70 3.4 19 3.3 18 3.2 11 3.0 50 2.8 58 2.7 55 2.6 34 2.4 66 2.3 59 2.2 61 2.1 49 2.0 35 1.9 51 1.8 20 1.7 28 1.6 29 1.5 8 1.4 42 1.3 16 1.0 32 0.7 56 0.6 3 0.5 36 0.4 65 0.3 52 0.2 9 0.0
49 10.0 36 9.9 65 9.7 21 9.6 61 9.4 62 9.3 4 9.1 45 8.9 42 8.8 34 8.5 52 8.4 12 8.1 30 8.0 66 7.9 27 7.8 35 7.7 40 7.6 24 7.5 41 7.3 26 7.2 69 6.9 53 6.8 5 6.7 44 6.6 58 6.5 11 6.2 20 6.1 51 5.9 39 5.8 59 5.7 37 5.6 8 5.4 6 5.3 10 5.2 43 4.8 25 4.7 17 4.6 33 4.4 70 4.3 3 4.0 2 3.9 7 3.8 14 3.7 67 3.6 32 3.5 1 3.4 19 3.3 47 3.0 28 2.9 23 2.8 9 2.7 46 2.6 57 2.5 63 2.4 48 2.3 16 2.2 13 2.1 29 2.0 64 1.7 55 1.5 31 1.4 54 1.3 15 1.2 18 1.0 22 0.9 60 0.7 38 0.5 50 0.3 56 0.2 68 0.0
70 10.0 4 9.9 10 9.8 44 9.7 3 9.6 48 9.5 6 9.4 43 9.2 42 9.1 33 8.7 1 8.6 24 8.5 36 8.4 8 8.3 15 7.9 39 7.7 26 7.5 59 7.4 2 7.3 61 7.2 60 7.1 11 7.0 7 6.9 14 6.8 53 6.7 66 6.6 19 6.4 30 6.3 50 6.0 41 5.8 56 5.7 63 5.5 45 5.4 27 5.3 29 5.2 16 5.0 68 4.9 49 4.8 38 4.5 40 4.4 65 4.3 58 4.2 20 4.0 51 3.9 47 3.8 28 3.7 35 3.6 32 3.4 13 3.3 18 3.2 62 2.9 25 2.8 37 2.7 23 2.6 69 2.3 52 2.2 57 2.1 55 2.0 17 1.9 34 1.7 5 1.6 64 1.4 67 1.2 46 1.1 54 0.9 9 0.4 12 0.3 21 0.2 31 0.1 22 0.0
25 10.0 49 9.9 40 9.7 45 9.6 37 9.5 30 9.4 69 9.3 19 9.1 50 9.0 67 8.6 27 8.5 11 8.4 28 8.2 12 8.0 61 7.9 34 7.8 3 7.7 43 7.5 2 7.4 20 7.3 6 7.2 47 7.0 5 6.9 7 6.8 9 6.6 39 6.4 44 6.3 42 6.1 56 6.0 14 5.9 38 5.8 58 5.7 46 5.6 62 5.5 29 5.4 35 5.3 15 5.2 21 5.1 48 4.9 13 4.8 18 4.5 53 4.4 57 4.3 64 4.2 23 4.1 17 4.0 70 3.9 1 3.8 51 3.6 60 3.3 22 3.2 41 2.9 26 2.7 10 2.6 63 2.5 68 2.4 32 2.3 66 1.9 59 1.7 33 1.5 52 1.4 55 1.3 54 1.2 4 1.1 24 0.9 65 0.8 31 0.7 16 0.6 36 0.5 8 0.1
22 10.0 56 9.9 38 9.8 4 9.7 66 9.6 15 9.3 13 9.2 63 9.1 37 9.0 26 8.9 33 8.8 45 8.7 59 8.6 53 8.5 31 8.3 55 8.2 35 8.0 18 7.8 58 7.7 9 7.5 54 7.1 49 7.0 16 6.9 47 6.8 7 6.6 17 6.3 60 6.2 29 6.1 23 5.9 24 5.8 30 5.5 51 5.4 61 5.3 69 5.1 20 5.0 67 4.9 62 4.4 48 4.2 64 4.1 14 4.0 70 3.9 28 3.8 34 3.7 3 3.6 11 3.4 19 3.3 50 3.2 44 3.1 8 3.0 39 2.8 32 2.5 5 2.4 12 2.3 65 2.1 52 2.0 41 1.8 25 1.7 42 1.5 10 1.4 1 1.3 68 1.2 21 1.1 2 1.0 46 0.9 36 0.8 57 0.7 40 0.6 6 0.4 27 0.2 43 0.1
30 9.7 2 9.6 19 9.5 39 9.4 52 9.2 29 9.1 53 9.0 16 8.8 35 8.7 56 8.5 26 8.4 14 8.3 8 8.1 21 8.0 7 7.7 4 7.4 44 7.2 64 7.1 11 7.0 47 6.9 63 6.6 17 6.5 65 6.4 59 6.3 66 6.2 12 6.1 3 5.8 31 5.7 20 5.6 69 5.5 54 5.4 46 5.3 25 5.2 32 5.1 38 5.0 50 4.8 36 4.7 34 4.2 43 4.1 67 4.0 1 3.9 70 3.8 48 3.7 5 3.5 45 3.2 42 3.1 37 3.0 6 2.9 41 2.8 23 2.6 15 2.5 9 2.4 24 2.3 60 2.2 68 2.1 61 2.0 62 1.9 22 1.8 27 1.6 55 1.5 40 1.3 13 1.2 18 1.1 28 1.0 57 0.8 49 0.6 10 0.4 58 0.3 33 0.1 51 0.0
58 10.0 26 9.8 68 9.6 69 9.5 8 9.4 3 9.3 49 9.2 41 9.1 40 9.0 4 8.9 18 8.6 29 8.5 14 8.4 54 8.0 35 7.9 43 7.8 21 7.7 45 7.6 24 7.5 57 7.4 11 7.3 44 7.2 6 7.1 10 6.9 48 6.4 23 6.1 1 6.0 7 5.9 30 5.7 61 5.6 16 5.5 39 5.1 20 4.9 19 4.8 64 4.6 12 4.5 37 4.4 55 4.2 27 4.1 67 4.0 63 3.9 62 3.8 15 3.7 42 3.6 2 3.5 9 3.4 17 3.3 31 3.2 46 3.0 60 2.8 59 2.6 56 2.5 5 2.3 65 2.1 66 2.0 32 1.8 52 1.7 22 1.6 53 1.5 50 1.4 34 1.2 33 1.0 70 0.9 36 0.7 38 0.6 25 0.5 13 0.4 28 0.3 47 0.1 51 0.0
66 10.0 16 9.9 30 9.8 45 9.7 48 9.6 12 9.4 1 9.3 28 9.2 51 9.0 7 8.9 40 8.8 46 8.6 29 8.4 44 8.3 22 8.0 13 7.9 41 7.8 52 7.7 32 7.6 21 7.3 58 7.1 11 7.0 53 6.9 64 6.8 42 6.7 15 6.6 50 6.5 55 6.4 43 6.3 54 6.1 37 6.0 17 5.7 6 5.6 62 5.4 65 5.3 60 5.0 10 4.9 4 4.6 24 4.5 61 4.4 63 4.3 23 4.2 25 4.0 56 3.9 27 3.8 47 3.6 5 3.5 69 3.4 36 3.0 14 2.9 70 2.8 39 2.7 2 2.6 38 2.5 59 2.4 49 2.1 35 2.0 20 1.9 9 1.8 34 1.7 31 1.6 18 1.5 68 1.2 67 1.1 57 1.0 33 0.9 8 0.8 19 0.7 26 0.6 3 0.0
18 10.0 15 9.9 67 9.8 61 9.7 55 9.6 19 9.4 5 9.3 70 9.2 46 9.1 8 9.0 37 8.9 6 8.8 9 8.6 16 8.5 47 8.4 34 8.2 24 8.1 63 8.0 23 7.9 64 7.8 53 7.6 22 7.4 11 7.3 65 7.1 38 7.0 39 6.9 33 6.8 50 6.7 56 6.5 62 6.3 60 6.2 58 6.1 4 6.0 69 5.9 52 5.8 66 5.6 26 5.5 59 5.3 45 5.2 42 5.1 43 4.9 49 4.8 36 4.7 13 4.6 25 4.5 44 4.2 1 4.1 40 3.9 21 3.8 2 3.7 20 3.5 28 3.3 51 2.9 41 2.5 12 2.4 29 2.3 57 2.0 35 1.8 17 1.7 32 1.6 14 1.5 31 1.4 54 1.3 3 1.0 48 0.8 7 0.7 30 0.6 68 0.4 10 0.3 27 0.2
48 10.0 54 9.9 24 9.8 15 9.7 43 9.6 19 9.5 5 9.4 31 9.3 3 9.2 1 9.1 58 9.0 34 8.9 30 8.6 4 8.5 46 8.4 18 8.2 70 8.1 69 8.0 12 7.9 2 7.8 23 7.7 51 7.6 42 7.3 16 7.1 11 7.0 53 6.9 40 6.7 49 6.5 8 6.4 45 6.3 50 6.2 14 6.1 52 5.9 27 5.8 26 5.4 56 5.3 67 5.2 9 5.0 55 4.9 22 4.7 6 4.5 10 4.4 7 4.2 65 4.1 32 3.9 68 3.7 38 3.5 66 3.4 29 3.3 57 3.1 59 3.0 28 2.9 35 2.8 47 2.7 39 2.4 60 2.3 25 2.2 62 2.1 21 2.0 33 1.6 13 1.5 61 1.4 64 1.2 17 1.0 63 0.8 37 0.6 36 0.5 20 0.3 41 0.2 44 0.1
53 10.0 67 9.7 57 9.6 30 9.5 27 9.4 31 9.1 2 9.0 61 8.7 21 8.6 8 8.2 29 8.1 24 8.0 6 7.8 45 7.7 50 7.6 4 7.5 44 7.4 47 7.3 70 7.1 46 7.0 5 6.8 69 6.7 28 6.5 1 6.4 59 6.3 32 6.2 60 6.1 48 6.0 33 5.8 38 5.6 18 5.5 20 5.4 54 5.3 68 5.2 14 5.0 58 4.9 10 4.8 15 4.7 19 4.6 13 4.4 64 4.0 41 3.9 16 3.8 49 3.7 17 3.5 51 3.4 52 3.3 43 3.0 3 2.9 12 2.7 39 2.6 22 2.5 63 2.4 34 2.3 7 2.2 26 2.1 36 1.9 35 1.7 62 1.6 23 1.5 55 1.4 37 1.3 56 1.2 42 1.1 66 1.0 9 0.9 65 0.7 11 0.5 40 0.4 25 0.2
8 10.0 62 9.9 1 9.7 44 9.6 4 9.3 51 9.2 54 9.1 43 8.8 12 8.7 56 8.5 59 8.4 42 8.2 39 8.1 23 8.0 26 7.9 41 7.7 21 7.6 40 7.4 13 7.3 28 7.2 32 7.1 60 7.0 35 6.9 68 6.8 61 6.7 70 6.6 30 6.5 65 6.4 38 6.3 3 6.2 10 6.1 20 6.0 17 5.9 34 5.7 63 5.6 24 5.4 52 5.2 25 4.7 19 4.6 45 4.5 27 4.4 67 4.3 16 4.2 5 4.1 37 4.0 50 3.9 9 3.8 46 3.7 66 3.6 69 3.5 49 3.4 14 3.1 29 2.9 33 2.6 53 2.5 64 2.4 36 2.2 31 2.1 7 2.0 48 1.7 6 1.6 47 1.3 15 1.1 22 1.0 55 0.9 2 0.8 58 0.5 57 0.4 18 0.1 11 0.0
15 10.0 31 9.9 38 9.8 56 9.7 1 9.6 11 9.5 10 9.4 5 9.3 24 9.2 9 9.1 20 9.0 70 8.9 64 8.8 55 8.7 37 8.6 47 8.4 61 8.2 59 8.1 13 8.0 8 7.8 69 7.6 67 7.5 7 7.4 36 7.3 54 7.2 34 7.0 25 6.7 62 6.5 49 6.3 21 5.9 12 5.7 45 5.4 26 5.3 30 5.2 44 5.0 48 4.9 3 4.8 52 4.6 2 4.4 40 4.3 68 4.2 29 4.1 19 3.9 17 3.8 16 3.6 51 3.5 33 3.3 63 3.1 39 2.8 28 2.7 65 2.5 18 2.4 32 2.2 60 2.1 50 2.0 22 1.9 58 1.8 41 1.7 66 1.5 46 1.4 4 1.2 23 1.1 57 1.0 27 0.9 35 0.8 14 0.7 6 0.6 43 0.5 53 0.3 42 0.1
31 10.0 63 9.9 54 9.8 61 9.7 43 9.6 1 9.4 44 9.3 34 9.1 33 9.0 32 8.9 11 8.6 15 8.4 21 8.2 45 8.0 53 7.9 35 7.5 57 7.4 70 7.3 27 7.0 66 6.9 40 6.8 19 6.7 24 6.5 42 6.1 6 6.0 16 5.9 36 5.6 60 5.5 39 5.4 67 5.3 38 5.2 9 5.0 48 4.9 20 4.8 52 4.6 65 4.4 26 4.3 29 4.2 28 4.1 4 3.9 25 3.7 62 3.6 41 3.5 68 3.4 2 3.3 23 3.2 3 3.1 10 2.9 58 2.8 56 2.7 13 2.6 49 2.5 59 2.4 64 2.3 8 2.2 5 2.1 50 1.9 46 1.8 37 1.6 51 1.3 17 1.2 47 1.0 55 0.9 69 0.7 18 0.6 30 0.5 12 0.4 22 0.2 14 0.1 7 0.0
15 10.0 57 9.8 48 9.7 27 9.6 43 9.5 47 9.4 49 9.2 52 9.1 22 9.0 32 8.9 45 8.8 8 8.6 1 8.4 11 8.3 66 8.1 14 7.8 44 7.6 63 7.4 67 7.3 37 7.2 13 7.1 30 7.0 21 6.7 31 6.6 26 6.5 12 6.4 34 6.3 19 6.2 36 6.1 35 6.0 69 5.9 23 5.7 24 5.6 25 5.3 16 5.2 41 5.1 51 5.0 53 4.9 64 4.7 68 4.6 29 4.3 58 4.1 33 4.0 40 3.9 6 3.8 42 3.7 9 3.5 10 3.4 55 3.0 61 2.9 46 2.7 20 2.6 18 2.4 60 2.1 5 2.0 56 1.9 65 1.7 70 1.5 39 1.4 50 1.2 38 1.1 62 1.0 17 0.9 4 0.6 28 0.5 59 0.4 7 0.3 2 0.2 54 0.1 3 0.0
3 10.0 53 9.8 24 9.7 27 9.6 26 9.5 19 9.4 49 9.3 8 9.1 42 9.0 21 8.8 25 8.7 54 8.6 2 8.5 36 8.3 63 8.2 64 8.1 23 7.8 16 7.6 15 7.5 56 7.3 4 7.2 9 7.1 34 7.0 65 6.8 55 6.7 5 6.6 33 6.5 58 6.4 70 6.3 35 6.2 51 6.0 69 5.9 17 5.8 68 5.6 66 5.5 10 5.2 41 5.1 43 5.0 44 4.8 29 4.5 18 4.4 52 4.3 46 4.2 45 4.1 1 4.0 50 3.8 47 3.6 62 3.5 30 3.3 12 3.2 38 3.1 59 2.9 11 2.8 60 2.7 22 2.6 61 2.2 57 2.1 20 2.0 37 1.9 31 1.8 67 1.6 14 1.3 40 1.2 48 1.1 28 0.9 13 0.8 32 0.5 6 0.4 39 0.3 7 0.1
54 10.0 45 9.9 5 9.7 57 9.6 69 9.5 63 9.4 7 9.2 20 9.1 55 8.9 39 8.7 44 8.6 23 8.4 24 8.2 15 8.1 43 8.0 47 7.7 52 7.6 14 7.4 58 7.2 28 6.9 9 6.8 59 6.7 19 6.6 48 6.5 37 6.3 42 6.1 3 6.0 49 5.8 2 5.7 13 5.6 22 5.5 34 5.4 10 5.1 11 5.0 29 4.9 33 4.8 65 4.2 6 4.1 25 3.9 62 3.7 4 3.6 50 3.5 40 3.4 12 3.2 8 3.0 1 2.9 67 2.8 18 2.7 51 2.6 32 2.5 35 2.4 26 2.3 17 2.2 41 2.0 21 1.9 61 1.7 66 1.6 30 1.4 53 1.3 31 1.2 70 1.1 68 1.0 38 0.9 64 0.8 27 0.7 60 0.6 36 0.5 16 0.4 46 0.3 56 0.0
54 10.0 45 9.9 21 9.8 35 9.7 36 9.2 2 9.1 41 8.9 33 8.8 20 8.6 70 8.5 23 8.4 9 8.3 65 8.2 8 8.0 57 7.8 5 7.7 4 7.6 39 7.5 50 7.3 51 7.1 48 6.8 52 6.7 13 6.6 67 6.5 47 6.4 10 6.2 69 6.1 40 5.9 37 5.7 49 5.6 14 5.5 7 5.4 22 5.3 59 5.2 56 5.0 25 4.9 3 4.7 62 4.6 26 4.5 43 4.4 63 4.3 18 4.2 24 4.1 15 4.0 16 3.9 30 3.8 11 3.6 19 3.5 64 3.4 60 3.2 32 2.7 44 2.5 42 2.4 55 2.0 29 1.9 27 1.8 34 1.7 31 1.6 68 1.4 38 1.3 17 1.2 46 1.1 58 0.9 6 0.7 1 0.6 61 0.5 12 0.4 53 0.2 66 0.1 28 0.0
57 10.0 16 9.9 42 9.8 66 9.7 70 9.6 26 9.5 53 9.3 34 9.2 20 8.8 21 8.6 3 8.5 62 8.4 46 8.2 45 8.1 14 8.0 44 7.9 65 7.8 59 7.7 17 7.4 15 7.3 35 7.2 64 6.9 49 6.7 69 6.4 33 6.3 54 6.2 39 6.0 51 5.9 28 5.7 31 5.6 61 5.5 10 5.4 27 5.3 25 5.2 12 5.1 1 5.0 4 4.8 2 4.7 68 4.3 67 4.2 24 4.0 60 3.9 58 3.8 32 3.7 47 3.6 43 3.3 13 3.0 5 2.9 7 2.8 29 2.6 52 2.5 11 2.2 55 1.8 19 1.7 38 1.6 9 1.5 22 1.4 48 1.3 6 1.1 36 1.0 50 0.9 18 0.8 40 0.7 8 0.6 56 0.5 37 0.4 41 0.3 30 0.2 23 0.1 63 0.0
28 10.0 48 9.9 25 9.8 3 9.7 23 9.5 15 9.4 17 9.3 35 9.2 11 9.1 62 9.0 21 8.9 39 8.8 14 8.7 66 8.6 34 8.4 5 8.1 53 8.0 61 7.9 68 7.8 51 7.5 2 7.1 43 6.9 46 6.8 18 6.7 60 6.6 70 6.5 38 6.4 45 6.3 63 6.2 41 6.1 52 6.0 7 5.9 50 5.8 30 5.7 44 5.6 56 5.5 42 5.4 65 5.3 22 5.1 37 5.0 26 4.8 54 4.6 29 4.5 33 4.4 55 4.3 36 4.1 57 3.8 27 3.7 40 3.6 59 3.5 20 3.3 69 3.2 47 3.1 16 2.6 8 2.5 6 2.4 32 2.2 9 2.1 10 2.0 4 1.8 13 1.7 67 1.6 24 1.4 64 1.1 1 0.8 12 0.6 49 0.5 58 0.3 19 0.1 31 0.0
42 9.7 23 9.5 17 9.4 13 9.3 57 9.1 28 9.0 51 8.9 31 8.8 24 8.5 1 8.4 47 8.2 7 8.1 70 8.0 54 7.9 60 7.8 14 7.6 61 7.5 59 7.4 58 7.3 4 7.2 29 7.1 10 6.9 36 6.8 12 6.7 41 6.4 63 6.2 34 6.1 15 6.0 48 5.9 53 5.7 69 5.6 68 5.3 39 5.2 38 5.1 40 4.9 20 4.8 49 4.6 56 4.5 22 4.4 18 4.2 65 4.1 25 3.9 52 3.7 43 3.5 46 3.4 6 3.3 44 3.2 3 3.0 64 2.9 30 2.7 11 2.4 9 2.3 67 2.2 37 2.1 66 1.8 50 1.7 2 1.6 45 1.4 27 1.3 5 1.2 33 1.1 19 1.0 16 0.9 35 0.8 26 0.7 21 0.6 62 0.4 32 0.2 8 0.1 55 0.0
68 9.7 6 9.6 53 9.4 55 9.2 31 9.1 18 8.7 5 8.5 34 8.2 19 8.0 63 7.9 21 7.8 30 7.7 44 7.6 40 7.4 15 7.3 59 7.2 26 7.0 56 6.9 13 6.8 22 6.5 29 6.3 70 6.2 17 6.1 66 6.0 43 5.9 60 5.8 64 5.7 33 5.6 35 5.5 49 5.2 27 5.1 24 5.0 25 4.8 47 4.7 16 4.6 50 4.4 41 4.3 7 4.2 20 4.1 2 3.8 62 3.7 14 3.5 10 3.4 12 3.3 39 3.2 32 3.1 67 3.0 48 2.9 57 2.8 3 2.6 69 2.5 36 2.4 65 2.3 1 2.1 37 1.9 11 1.7 46 1.6 9 1.5 38 1.3 51 1.1 58 1.0 8 0.9 45 0.8 61 0.7 54 0.6 23 0.5 28 0.4 4 0.3 52 0.2 42 0.0
62 9.9 2 9.8 59 9.7 17 9.6 11 9.5 49 9.4 47 9.3 50 9.1 42 9.0 65 8.9 4 8.8 55 8.7 28 8.6 48 8.5 58 8.3 31 8.2 68 8.1 34 8.0 46 7.9 21 7.8 69 7.7 67 7.6 10 7.5 40 7.4 35 7.3 20 7.2 7 7.1 14 7.0 22 6.8 41 6.3 33 6.1 1 6.0 61 5.8 15 5.7 37 5.6 27 5.3 39 5.2 25 5.1 26 5.0 16 4.9 53 4.7 52 4.5 6 4.4 56 4.0 12 3.8 8 3.6 23 3.4 29 3.3 51 3.1 19 3.0 30 2.9 66 2.8 5 2.7 18 2.6 43 2.5 54 2.4 32 2.3 64 2.1 44 2.0 45 1.7 60 1.6 9 1.5 24 1.4 36 1.0 57 0.9 13 0.7 38 0.5 63 0.4 70 0.2 3 0.1
61 10.0 19 9.9 28 9.7 45 9.6 30 9.5 23 9.4 62 9.3 50 8.8 32 8.7 52 8.6 59 8.5 37 8.2 64 8.1 12 7.9 48 7.8 11 7.7 47 7.6 53 7.4 6 7.0 15 6.9 26 6.8 1 6.7 31 6.6 4 6.5 55 6.4 58 6.3 46 6.0 29 5.7 67 5.6 38 5.5 20 5.4 49 5.3 43 5.2 10 5.1 27 5.0 14 4.9 18 4.8 3 4.7 33 4.5 56 4.4 63 4.3 34 4.1 17 4.0 57 3.9 65 3.7 7 3.6 16 3.5 54 3.4 35 3.3 39 3.2 8 3.1 5 3.0 13 2.8 9 2.4 60 2.3 41 2.2 70 2.1 36 1.9 69 1.7 25 1.4 2 1.3 66 1.2 68 1.1 42 0.7 44 0.5 21 0.4 51 0.3 24 0.2 40 0.1 22 0.0
7 9.9 28 9.8 14 9.7 6 9.5 8 9.3 49 9.2 48 9.1 39 8.9 35 8.8 25 8.7 56 8.6 10 8.5 33 8.3 63 8.1 66 8.0 65 7.9 26 7.8 41 7.7 30 7.6 64 7.5 13 7.3 11 7.2 47 7.1 36 7.0 37 6.9 3 6.8 20 6.7 67 6.6 12 6.5 69 6.4 57 6.2 21 6.0 54 5.9 22 5.8 16 5.6 58 5.5 55 5.3 42 5.0 31 4.9 50 4.8 40 4.4 60 4.3 45 4.1 59 4.0 62 3.9 46 3.7 38 3.2 17 3.0 68 2.9 43 2.8 52 2.7 4 2.6 1 2.5 23 2.4 2 2.2 15 1.8 51 1.7 19 1.5 9 1.4 18 1.3 70 1.2 29 1.1 34 0.8 27 0.7 44 0.6 24 0.5 61 0.4 53 0.3 5 0.1 32 0.0
65 9.8 68 9.7 23 9.4 14 9.3 37 9.2 18 9.1 44 9.0 39 8.9 55 8.7 51 8.6 48 8.5 35 8.2 19 8.1 36 8.0 47 7.9 9 7.8 59 7.7 6 7.6 46 7.4 40 7.1 50 7.0 33 6.8 32 6.6 16 6.5 8 6.3 43 6.2 64 6.0 70 5.9 63 5.8 67 5.6 54 5.5 60 5.4 31 5.3 21 5.1 29 4.9 12 4.7 28 4.6 56 4.5 11 4.4 61 4.3 20 4.2 24 4.0 13 3.8 22 3.7 57 3.6 45 3.5 27 3.4 25 3.2 15 3.0 2 2.9 69 2.8 5 2.7 4 2.6 66 2.5 7 2.1 49 1.9 10 1.8 17 1.7 52 1.6 53 1.5 62 1.4 1 1.2 26 1.1 3 1.0 34 0.9 58 0.8 38 0.5 41 0.3 30 0.1 42 0.0
14 10.0 49 9.9 16 9.8 67 9.7 3 9.6 33 9.4 8 9.3 43 9.2 34 9.0 64 8.9 25 8.6 58 8.4 48 8.3 51 8.1 31 8.0 69 7.9 57 7.4 70 7.3 55 7.2 11 7.1 17 7.0 47 6.8 23 6.6 29 6.5 6 6.4 15 6.3 60 6.2 35 5.8 20 5.7 1 5.6 40 5.5 61 5.4 62 5.3 39 5.2 22 5.1 52 5.0 59 4.7 42 4.6 4 4.5 27 4.4 41 4.3 19 4.2 63 4.0 56 3.8 18 3.7 37 3.6 13 3.3 10 3.2 44 3.1 24 3.0 46 2.7 26 2.6 50 2.2 32 2.1 2 2.0 38 1.9 68 1.8 45 1.5 66 1.2 28 1.1 53 1.0 5 0.9 36 0.8 7 0.7 12 0.6 54 0.5 21 0.4 65 0.2 9 0.1 30 0.0
2 10.0 39 9.9 21 9.8 24 9.7 29 9.6 70 9.4 18 9.3 40 9.2 55 9.1 58 8.9 11 8.8 25 8.6 62 8.5 61 8.1 42 8.0 6 7.8 67 7.7 52 7.5 43 7.4 10 7.3 22 7.2 26 7.1 23 7.0 63 6.9 17 6.8 20 6.7 57 6.6 4 6.5 34 6.4 36 6.3 7 6.2 15 6.0 49 5.6 16 5.5 19 5.4 31 5.3 50 5.2 12 5.1 66 4.8 27 4.7 41 4.6 46 4.5 32 4.1 44 4.0 33 3.9 53 3.7 3 3.3 5 3.2 37 3.1 28 2.9 30 2.8 13 2.4 48 2.3 45 2.2 51 2.1 69 2.0 68 1.9 65 1.7 35 1.6 38 1.5 8 1.4 60 1.1 64 1.0 14 0.8 59 0.7 1 0.6 56 0.5 47 0.3 9 0.1 54 0.0
36 9.8 18 9.7 63 9.6 25 9.5 46 9.4 43 9.1 21 9.0 52 8.7 11 8.6 2 8.5 3 8.4 1 8.3 6 8.2 26 8.1 61 8.0 20 7.9 4 7.8 53 7.6 14 7.4 49 7.3 66 7.0 22 6.9 13 6.8 42 6.7 24 6.4 7 6.3 17 6.2 69 6.1 51 6.0 39 5.7 54 5.6 64 5.5 5 5.4 58 5.3 47 5.2 33 5.0 23 4.8 45 4.7 70 4.5 56 4.3 31 4.2 34 4.1 48 3.9 68 3.8 28 3.7 62 3.5 32 3.4 8 3.2 41 3.1 57 2.9 65 2.6 35 2.4 29 2.3 50 2.2 44 1.9 38 1.8 55 1.7 27 1.6 60 1.5 30 1.4 16 1.3 12 1.2 40 1.1 59 1.0 10 0.9 15 0.7 9 0.6 19 0.5 37 0.2 67 0.1
31 10.0 70 9.9 54 9.8 10 9.7 26 9.6 64 9.3 28 9.2 41 9.1 63 8.9 36 8.7 68 8.6 62 8.5 5 8.3 14 8.2 65 7.9 43 7.8 52 7.7 37 7.5 21 7.2 46 7.1 1 7.0 8 6.9 35 6.8 27 6.7 60 6.6 17 6.1 45 6.0 33 5.9 29 5.7 38 5.6 23 5.5 47 5.3 22 5.1 55 5.0 39 4.9 61 4.8 25 4.7 16 4.5 58 4.4 67 4.3 50 4.2 53 4.1 44 4.0 9 3.7 20 3.6 11 3.5 69 3.4 42 3.3 2 2.9 32 2.6 40 2.5 7 2.4 49 2.3 15 2.2 34 2.1 24 2.0 57 1.9 66 1.6 19 1.4 18 1.2 3 0.9 56 0.8 59 0.7 12 0.6 48 0.5 30 0.4 4 0.3 51 0.2 6 0.1 13 0.0
68 10.0 18 9.9 4 9.6 11 9.5 19 9.3 38 9.2 6 9.0 66 8.9 60 8.8 39 8.6 48 8.5 7 8.4 9 8.3 35 8.2 25 8.1 15 8.0 13 7.8 2 7.6 57 7.0 59 6.7 12 6.6 21 6.5 16 6.3 52 6.2 30 6.1 23 5.9 8 5.8 24 5.7 40 5.6 26 5.5 50 5.4 29 5.3 34 5.1 64 5.0 67 4.9 3 4.8 54 4.7 42 4.6 51 4.4 41 4.3 37 4.2 61 4.1 5 3.7 70 3.5 69 3.4 33 3.2 63 3.0 65 2.9 56 2.8 10 2.7 20 2.6 14 2.3 43 2.2 45 2.1 22 2.0 49 1.7 58 1.6 28 1.4 55 1.3 1 1.1 44 1.0 62 0.9 46 0.8 53 0.7 17 0.6 31 0.5 47 0.4 36 0.2 32 0.1 27 0.0
31 10.0 27 9.8 50 9.7 40 9.6 39 9.5 35 9.4 70 9.2 49 9.1 23 9.0 38 8.9 16 8.8 44 8.6 30 8.5 54 8.4 22 8.2 58 8.1 68 8.0 43 7.8 33 7.7 9 7.6 47 7.5 62 7.2 53 7.0 5 6.9 66 6.8 59 6.7 17 6.5 15 6.2 3 6.0 14 5.9 52 5.7 6 5.5 21 5.4 20 5.3 8 5.1 36 5.0 55 4.9 56 4.8 42 4.7 57 4.6 34 4.5 28 4.3 48 4.2 1 4.1 60 4.0 26 3.9 37 3.8 11 3.5 46 3.4 24 3.3 25 3.0 64 2.9 51 2.8 19 2.7 12 2.6 7 2.5 10 2.3 41 2.1 45 1.9 65 1.7 32 1.6 18 1.5 69 1.0 61 0.8 63 0.7 13 0.5 2 0.4 4 0.2 67 0.1 29 0.0
66 10.0 35 9.9 59 9.8 47 9.7 22 9.6 61 9.4 4 9.3 10 9.2 30 9.0 68 8.9 65 8.7 27 8.6 7 8.4 6 8.3 18 8.2 62 8.1 15 8.0 41 7.9 14 7.8 52 7.7 50 7.6 57 7.5 56 7.4 55 7.3 40 7.1 63 6.9 16 6.8 3 6.7 46 6.3 42 6.1 1 5.9 20 5.8 24 5.6 70 5.4 51 5.3 49 5.2 21 5.1 38 5.0 67 4.8 37 4.7 58 4.6 11 4.4 60 4.2 5 4.0 31 3.9 17 3.7 34 3.6 9 3.5 64 3.4 36 3.3 2 3.2 28 3.1 69 3.0 54 2.9 32 2.7 25 2.6 12 2.5 43 2.3 44 2.2 39 2.0 33 1.8 19 1.6 45 1.3 23 1.2 13 0.8 48 0.7 26 0.6 29 0.5 53 0.4 8 0.3
13 9.7 16 9.6 70 9.5 63 9.2 37 9.1 58 9.0 12 8.9 32 8.8 50 8.7 61 8.6 25 8.5 40 8.1 11 8.0 18 7.9 53 7.8 10 7.7 46 7.5 20 7.4 24 7.3 60 7.1 26 7.0 54 6.9 62 6.8 28 6.6 48 6.5 66 6.3 27 6.1 43 6.0 29 5.9 41 5.8 3 5.6 47 5.5 5 5.4 69 5.3 22 5.2 45 4.9 56 4.6 51 4.5 8 4.2 49 4.0 17 3.9 52 3.7 23 3.6 44 3.5 14 3.2 2 3.1 64 3.0 68 2.8 42 2.7 36 2.6 1 2.5 65 2.4 4 2.3 35 2.2 39 2.1 33 2.0 6 1.7 9 1.4 31 1.2 15 1.1 59 1.0 67 0.9 21 0.7 7 0.6 57 0.5 34 0.4 19 0.3 55 0.2 30 0.1 38 0.0
1 9.9 56 9.7 69 9.6 28 9.4 21 9.3 63 9.1 41 9.0 48 8.9 14 8.6 8 8.5 9 8.3 7 7.9 26 7.8 51 7.7 47 7.6 50 7.5 17 7.4 36 7.3 68 7.2 4 7.1 57 7.0 25 6.8 15 6.7 45 6.4 10 6.3 13 6.2 66 6.1 2 6.0 23 5.9 27 5.6 39 5.5 60 5.2 49 5.1 64 5.0 22 4.9 58 4.8 29 4.7 33 4.3 55 4.2 31 4.1 65 4.0 18 3.9 46 3.8 16 3.7 37 3.6 70 3.5 53 3.4 12 3.3 5 3.2 11 3.0 59 2.9 32 2.8 30 2.5 52 2.4 35 2.3 20 2.0 44 1.9 3 1.7 54 1.6 38 1.5 34 1.4 6 1.2 19 1.1 40 1.0 42 0.7 43 0.6 62 0.5 67 0.2 61 0.1 24 0.0
16 10.0 49 9.8 31 9.5 5 9.4 50 9.3 33 9.2 25 9.1 36 9.0 70 8.9 2 8.6 32 8.5 23 8.4 28 8.3 44 8.2 9 8.0 21 7.7 65 7.5 29 7.4 22 7.1 17 7.0 67 6.9 57 6.8 53 6.7 15 6.6 24 6.5 38 6.4 62 6.3 20 6.0 39 5.8 4 5.6 40 5.4 69 5.1 1 4.9 13 4.8 46 4.7 37 4.5 26 4.4 60 4.3 43 4.2 61 4.1 52 3.8 7 3.7 6 3.6 35 3.5 51 3.4 3 3.3 42 3.0 58 2.7 8 2.6 10 2.5 19 2.3 54 2.1 55 2.0 27 1.9 56 1.7 66 1.6 47 1.5 68 1.3 48 1.2 18 1.1 41 1.0 63 0.9 64 0.8 59 0.7 30 0.6 12 0.5 11 0.4 34 0.3 45 0.2 14 0.0
70 10.0 66 9.8 18 9.6 53 9.4 35 9.1 55 9.0 68 8.9 17 8.7 64 8.6 23 8.4 57 8.3 26 8.2 41 8.1 21 8.0 43 7.8 49 7.6 15 7.5 20 7.4 61 7.3 63 6.9 56 6.8 39 6.6 5 6.5 2 6.4 8 6.2 22 6.1 9 6.0 30 5.9 40 5.8 37 5.4 59 5.3 32 5.1 46 5.0 44 4.9 67 4.8 11 4.6 33 4.5 7 4.4 3 4.3 36 4.2 1 4.1 31 4.0 50 3.8 69 3.7 34 3.6 13 3.5 4 3.4 12 3.3 25 3.2 10 3.1 65 3.0 60 2.9 38 2.8 42 2.7 28 2.5 58 2.1 51 2.0 6 1.9 19 1.8 14 1.7 27 1.6 48 1.5 29 1.2 52 1.1 54 1.0 24 0.9 16 0.8 62 0.6 45 0.3 47 0.0
25 9.8 55 9.7 46 9.6 38 9.5 66 9.3 44 9.2 36 9.1 63 8.8 67 8.7 8 8.6 48 8.3 12 8.2 41 8.1 58 8.0 42 7.9 50 7.8 31 7.6 13 7.5 23 7.4 6 7.3 30 7.2 33 7.1 18 7.0 24 6.9 2 6.8 51 6.7 45 6.6 21 6.5 65 6.4 15 6.3 35 6.2 40 6.1 26 5.9 5 5.6 1 5.4 43 5.3 59 5.2 14 5.1 4 5.0 37 4.8 20 4.7 19 4.2 53 4.0 10 3.7 68 3.6 70 3.4 7 3.2 34 3.1 3 3.0 28 2.9 57 2.8 39 2.7 22 2.6 69 2.5 52 2.2 54 2.1 61 1.9 56 1.8 47 1.7 49 1.6 17 1.5 32 1.3 27 1.2 64 1.1 11 1.0 60 0.9 9 0.8 29 0.7 16 0.2 62 0.1
16 9.9 67 9.8 62 9.5 4 9.4 28 9.2 3 9.1 25 9.0 13 8.9 41 8.8 2 8.7 21 8.6 30 8.5 46 8.3 58 8.2 50 8.1 6 8.0 20 7.8 11 7.7 12 7.5 69 7.3 23 7.2 35 7.1 64 7.0 17 6.9 53 6.8 60 6.7 59 6.4 56 6.2 29 6.0 52 5.9 63 5.8 40 5.7 7 5.5 1 5.4 68 5.3 24 5.2 45 5.0 10 4.8 22 4.7 33 4.5 43 4.3 49 4.1 32 4.0 55 3.8 37 3.5 42 3.3 47 3.2 66 3.1 15 3.0 31 2.9 54 2.8 44 2.7 36 2.5 51 2.4 26 2.3 39 2.2 27 2.0 9 1.8 38 1.7 70 1.5 14 1.3 57 1.1 8 1.0 5 0.8 18 0.7 65 0.5 19 0.4 48 0.3 34 0.2 61 0.1
28 10.0 65 9.9 64 9.7 48 9.5 57 9.4 4 9.3 2 9.2 63 9.1 3 8.9 52 8.8 21 8.6 55 8.4 56 8.3 26 8.1 1 7.8 15 7.7 34 7.6 24 7.3 62 7.2 16 6.9 5 6.8 59 6.7 50 6.6 68 6.4 66 6.2 46 6.1 58 5.9 69 5.8 37 5.7 13 5.5 41 5.3 20 5.2 9 5.1 7 5.0 38 4.9 8 4.8 23 4.6 53 4.5 61 4.4 36 4.3 54 4.2 42 3.9 32 3.8 43 3.7 19 3.6 60 3.5 29 3.4 30 3.3 27 3.2 10 3.1 12 2.8 6 2.7 44 2.6 31 2.4 14 2.2 67 2.0 49 1.9 35 1.8 39 1.7 18 1.6 22 1.5 40 1.3 47 1.2 45 1.1 25 0.8 33 0.7 11 0.6 17 0.4 70 0.1 51 0.0
41 9.9 58 9.8 28 9.7 42 9.6 30 9.5 17 9.4 68 9.3 52 9.2 35 9.1 4 9.0 44 8.9 12 8.8 11 8.7 38 8.5 64 8.4 69 8.1 13 8.0 39 7.9 14 7.6 43 7.5 55 7.4 54 7.2 23 7.0 20 6.9 6 6.8 40 6.7 9 6.6 16 6.3 57 6.1 3 5.9 15 5.8 36 5.6 8 5.4 2 5.3 32 5.2 48 5.1 25 4.9 24 4.8 67 4.7 18 4.4 56 4.3 37 4.2 21 4.1 19 4.0 49 3.7 46 3.5 27 3.3 31 3.2 34 3.1 53 3.0 70 2.7 7 2.5 62 2.3 26 2.2 47 1.8 51 1.7 61 1.6 50 1.4 10 1.3 63 1.2 22 1.1 1 1.0 66 0.9 29 0.7 60 0.6 5 0.4 45 0.3 33 0.2 65 0.1 59 0.0
1 10.0 25 9.9 11 9.7 14 9.6 15 9.5 20 9.4 3 9.3 28 9.2 63 9.1 6 9.0 40 8.8 21 8.7 58 8.6 18 8.5 16 8.4 68 8.3 5 8.2 64 8.1 26 8.0 54 7.9 56 7.8 10 7.7 4 7.5 7 7.3 29 7.2 23 7.0 60 6.9 42 6.7 57 6.6 44 6.3 45 6.2 61 6.1 35 6.0 53 5.7 9 5.5 59 5.4 43 5.2 32 5.0 50 4.8 30 4.6 37 4.5 2 4.4 39 4.2 52 4.1 33 3.9 67 3.7 22 3.6 55 3.5 12 3.4 31 3.2 8 3.1 41 3.0 51 2.9 48 2.8 27 2.7 65 2.6 24 2.5 19 2.3 69 2.1 17 2.0 49 1.9 66 1.3 47 1.1 34 0.9 36 0.8 46 0.6 38 0.4 13 0.3 70 0.2 62 0.0
29 10.0 70 9.9 59 9.8 40 9.7 10 9.6 45 9.5 14 9.4 27 9.2 20 9.1 56 8.9 51 8.8 13 8.7 6 8.6 44 8.5 37 8.3 48 8.2 15 8.1 47 8.0 36 7.9 39 7.8 63 7.7 61 7.5 50 7.4 25 7.3 9 7.2 43 7.1 46 6.9 64 6.7 30 6.6 52 6.5 16 6.2 69 6.1 42 6.0 41 5.8 24 5.6 7 5.3 68 5.1 35 5.0 55 4.9 21 4.8 5 4.7 19 4.6 2 4.4 62 4.3 17 4.0 38 3.9 60 3.8 66 3.5 33 3.3 28 3.2 32 3.1 22 3.0 11 2.9 1 2.8 3 2.6 67 2.5 12 2.2 54 2.0 53 1.8 65 1.7 49 1.5 31 1.0 26 0.9 18 0.8 4 0.7 58 0.6 34 0.5 57 0.4 23 0.2 8 0.1
37 9.8 48 9.7 30 9.5 63 9.3 55 9.2 10 9.1 36 9.0 23 8.8 49 8.7 22 8.6 35 8.5 56 8.3 17 8.2 15 8.1 5 8.0 61 7.9 39 7.8 3 7.5 51 7.4 59 7.3 38 7.2 19 7.1 14 7.0 43 6.8 66 6.5 64 6.1 27 6.0 9 5.9 20 5.7 53 5.6 11 5.5 67 5.4 42 5.3 40 5.2 32 5.1 47 5.0 13 4.9 8 4.8 18 4.6 65 4.5 29 4.4 41 4.3 54 4.2 69 4.1 4 4.0 7 3.9 46 3.5 68 3.1 6 2.9 52 2.8 12 2.7 24 2.6 34 2.4 28 2.3 70 2.2 16 2.1 60 2.0 44 1.9 26 1.8 57 1.6 25 1.5 1 1.4 33 1.3 31 0.9 50 0.6 21 0.5 58 0.4 45 0.3 62 0.1 2 0.0
