90 90 60
33 10.0 79 9.9 66 9.8 41 9.7 16 9.6 5 9.5 28 9.4 42 9.3 3 9.1 57 8.9 19 8.8 60 8.7 80 8.6 39 8.5 54 8.3 59 8.2 40 8.1 52 8.0 90 7.9 14 7.8 48 7.7 18 7.6 13 7.5 15 7.4 61 7.3 22 7.2 44 7.1 9 7.0 10 6.9 8 6.8 82 6.7 86 6.6 24 6.5 17 6.4 46 6.3 26 6.2 23 6.1 38 6.0 77 5.8 56 5.7 69 5.5 75 5.4 20 5.3 45 5.2 71 5.1 63 5.0 65 4.9 6 4.8 32 4.7 34 4.6 47 4.5 74 4.4 85 4.3 72 4.2 70 4.1 35 3.9 37 3.8 7 3.7 27 3.6 43 3.5 49 3.4 73 3.3 78 3.2 81 3.1 58 3.0 50 2.9 1 2.8 83 2.6 11 2.5 30 2.3 88 2.2 51 2.1 4 2.0 55 1.9 2 1.8 12 1.6 53 1.5 67 1.3 21 1.2 68 1.1 29 1.0 89 0.9 84 0.8 62 0.7 87 0.5 31 0.4 64 0.3 25 0.2 36 0.1 76 0.0
80 10.0 49 9.9 82 9.8 87 9.7 68 9.6 9 9.5 64 9.4 22 9.3 45 9.2 4 9.1 48 9.0 77 8.8 20 8.7 25 8.6 89 8.5 51 8.4 13 8.2 46 8.1 60 8.0 66 7.9 73 7.8 40 7.7 44 7.6 29 7.5 38 7.4 43 7.3 16 7.2 37 7.1 85 7.0 54 6.9 71 6.8 34 6.7 56 6.6 52 6.5 24 6.4 53 6.3 7 6.2 3 6.1 30 5.9 21 5.8 33 5.7 42 5.5 61 5.4 32 5.3 72 5.2 6 5.1 83 5.0 57 4.9 23 4.8 47 4.7 65 4.6 70 4.5 8 4.2 28 4.1 19 4.0 12 3.9 27 3.8 62 3.7 39 3.6 79 3.5 35 3.4 31 3.2 75 3.0 14 2.9 41 2.8 10 2.7 88 2.6 36 2.4 81 2.3 2 2.2 86 2.1 1 2.0 58 1.9 50 1.8 15 1.6 63 1.5 18 1.4 84 1.3 76 1.2 5 1.1 67 1.0 11 0.9 74 0.8 78 0.7 69 0.6 90 0.5 59 0.4 55 0.2 17 0.1 26 0.0
13 10.0 2 9.9 39 9.8 74 9.7 60 9.6 26 9.5 81 9.4 88 9.3 9 9.2 73 9.0 72 8.9 53 8.8 50 8.7 41 8.6 4 8.5 29 8.4 48 8.3 55 8.2 44 8.1 89 8.0 45 7.9 67 7.8 47 7.7 84 7.5 58 7.4 38 7.3 57 7.2 33 7.0 82 6.8 19 6.7 22 6.6 35 6.5 28 6.4 42 6.2 54 6.1 5 6.0 43 5.9 79 5.8 77 5.7 6 5.6 65 5.5 70 5.4 23 5.2 12 5.1 18 5.0 68 4.9 52 4.8 61 4.6 66 4.4 20 4.3 15 4.2 32 4.1 25 4.0 56 3.9 90 3.8 16 3.7 78 3.6 7 3.5 24 3.4 30 3.3 10 3.2 1 3.1 62 3.0 27 2.9 36 2.8 37 2.7 49 2.6 86 2.5 40 2.4 75 2.3 69 2.2 64 2.0 71 1.9 63 1.8 11 1.7 3 1.6 59 1.5 76 1.4 14 1.3 85 1.2 8 1.1 31 1.0 21 0.9 34 0.8 46 0.7 51 0.6 17 0.5 80 0.3 87 0.2 83 0.1
51 10.0 52 9.9 36 9.8 44 9.7 60 9.5 15 9.4 19 9.3 25 9.1 23 9.0 16 8.8 3 8.7 47 8.6 63 8.5 21 8.3 85 8.2 27 8.1 80 8.0 65 7.9 6 7.8 45 7.7 13 7.6 28 7.5 76 7.4 31 7.3 33 7.2 59 7.1 1 6.9 64 6.8 79 6.7 12 6.6 37 6.5 17 6.4 54 6.3 42 6.1 24 5.9 30 5.8 55 5.7 72 5.6 41 5.5 53 5.4 57 5.3 2 5.1 81 5.0 7 4.9 69 4.8 39 4.6 10 4.5 86 4.4 58 4.3 22 4.2 40 4.1 5 3.9 11 3.7 62 3.6 35 3.5 29 3.4 87 3.3 48 3.2 82 3.1 77 3.0 20 2.9 38 2.8 18 2.7 56 2.6 67 2.5 34 2.4 66 2.3 84 2.2 83 2.1 8 2.0 14 1.9 89 1.8 78 1.7 74 1.6 49 1.5 50 1.4 68 1.3 71 1.2 9 1.1 46 1.0 4 0.9 75 0.8 88 0.7 26 0.6 73 0.5 90 0.4 43 0.3 70 0.2 32 0.1 61 0.0
55 9.9 74 9.8 35 9.7 24 9.6 79 9.5 44 9.4 5 9.3 75 9.2 3 9.1 84 9.0 77 8.9 83 8.8 10 8.7 82 8.6 52 8.5 59 8.4 7 8.3 37 8.2 17 8.1 21 8.0 67 7.9 60 7.8 9 7.7 29 7.6 25 7.5 34 7.4 16 7.3 71 7.2 48 7.1 69 7.0 42 6.9 61 6.8 73 6.7 2 6.6 32 6.5 12 6.4 27 6.3 15 6.2 78 6.1 70 6.0 33 5.9 1 5.8 50 5.7 68 5.6 40 5.5 76 5.4 89 5.3 20 5.2 46 5.1 36 5.0 72 4.9 31 4.8 90 4.7 64 4.6 66 4.5 4 4.4 88 4.3 18 4.1 63 4.0 43 3.9 22 3.6 49 3.5 86 3.3 80 3.2 45 3.0 41 2.8 54 2.7 19 2.6 28 2.4 51 2.3 26 2.2 39 2.1 62 2.0 11 1.9 58 1.8 6 1.7 47 1.6 8 1.5 53 1.4 38 1.3 56 0.9 14 0.8 13 0.7 87 0.6 81 0.5 30 0.4 57 0.3 23 0.2 85 0.1 65 0.0
22 9.9 53 9.7 82 9.6 29 9.5 49 9.4 89 9.3 3 9.2 36 9.1 65 9.0 17 8.9 9 8.7 73 8.6 61 8.5 21 8.4 84 8.3 10 8.2 66 8.1 55 7.9 48 7.8 16 7.7 32 7.5 41 7.4 60 7.3 24 7.2 37 7.1 42 7.0 28 6.8 39 6.7 47 6.6 77 6.5 64 6.3 67 6.2 79 6.1 19 6.0 68 5.9 76 5.8 74 5.7 52 5.6 70 5.4 30 5.2 57 5.1 8 5.0 5 4.9 85 4.8 2 4.7 87 4.6 43 4.5 45 4.4 46 4.3 34 4.2 44 4.1 31 4.0 20 3.9 51 3.8 6 3.7 40 3.6 59 3.5 56 3.4 12 3.3 86 3.2 54 3.1 13 3.0 50 2.9 63 2.8 71 2.7 14 2.6 58 2.5 27 2.4 18 2.2 72 2.1 35 2.0 80 1.9 88 1.8 75 1.7 38 1.6 15 1.5 7 1.4 62 1.3 26 1.1 33 1.0 81 0.9 23 0.8 83 0.7 1 0.6 4 0.5 25 0.4 69 0.3 90 0.2 11 0.1 78 0.0
26 10.0 33 9.9 68 9.8 4 9.7 25 9.6 72 9.5 78 9.4 15 9.3 53 9.1 34 9.0 89 8.9 75 8.8 28 8.7 37 8.5 22 8.4 29 8.3 47 8.2 88 8.1 84 8.0 60 7.9 59 7.8 67 7.7 44 7.6 18 7.5 43 7.4 87 7.3 6 7.2 65 7.1 55 7.0 1 6.9 74 6.8 79 6.7 54 6.6 36 6.5 85 6.4 9 6.3 5 6.2 7 5.8 64 5.7 49 5.5 83 5.4 73 5.3 70 5.1 40 5.0 50 4.9 24 4.8 61 4.7 30 4.6 41 4.5 46 4.4 71 4.3 20 4.2 39 4.1 56 4.0 62 3.9 2 3.8 76 3.7 10 3.6 63 3.5 31 3.4 42 3.3 82 3.2 14 3.0 16 2.9 57 2.8 51 2.6 58 2.5 52 2.4 27 2.3 12 2.2 32 2.1 86 2.0 90 1.9 66 1.8 17 1.6 81 1.5 23 1.4 21 1.3 38 1.2 45 1.1 19 1.0 69 0.9 13 0.8 48 0.7 11 0.6 77 0.5 80 0.4 35 0.3 3 0.1 8 0.0
6 10.0 86 9.9 52 9.7 50 9.6 68 9.5 63 9.4 39 9.2 88 9.1 17 9.0 65 8.9 72 8.8 19 8.7 7 8.6 27 8.5 67 8.3 10 8.2 46 8.1 66 8.0 74 7.9 11 7.8 56 7.6 59 7.5 47 7.4 76 7.3 73 7.2 53 7.1 29 7.0 18 6.7 23 6.6 36 6.4 57 6.3 83 6.0 41 5.9 26 5.8 9 5.7 30 5.6 43 5.5 5 5.4 70 5.3 16 5.2 1 5.1 8 5.0 28 4.9 38 4.8 34 4.7 22 4.6 15 4.5 12 4.4 75 4.3 14 4.2 79 4.1 84 3.9 25 3.8 13 3.7 58 3.6 55 3.5 77 3.4 32 3.3 85 3.2 80 3.1 64 3.0 87 2.9 20 2.8 54 2.7 33 2.6 62 2.5 49 2.4 24 2.3 2 2.2 44 2.1 35 2.0 60 1.9 21 1.7 3 1.6 48 1.5 51 1.4 37 1.3 31 1.2 82 1.1 61 1.0 4 0.9 90 0.8 45 0.7 40 0.6 81 0.5 42 0.4 89 0.3 78 0.2 71 0.1 69 0.0
50 9.9 90 9.8 12 9.7 79 9.6 63 9.5 33 9.4 26 9.3 51 9.2 17 9.0 14 8.9 34 8.8 62 8.7 35 8.6 42 8.5 40 8.4 54 8.3 74 8.2 19 8.1 85 8.0 65 7.8 28 7.7 38 7.6 4 7.5 43 7.4 13 7.3 83 7.2 47 7.1 58 7.0 6 6.9 45 6.8 60 6.6 25 6.5 68 6.4 88 6.3 78 6.2 56 6.1 89 6.0 15 5.9 7 5.8 27 5.7 18 5.6 80 5.5 39 5.3 2 5.2 23 5.1 73 5.0 9 4.9 37 4.8 61 4.7 75 4.6 69 4.5 82 4.4 1 4.3 66 4.2 11 4.0 87 3.9 32 3.8 16 3.7 8 3.6 76 3.4 22 3.3 64 3.1 52 3.0 29 2.9 53 2.8 10 2.7 55 2.6 41 2.4 36 2.3 21 2.1 49 2.0 71 1.9 46 1.8 77 1.7 57 1.6 31 1.5 20 1.4 72 1.3 5 1.2 30 1.1 3 1.0 84 0.9 81 0.8 67 0.7 24 0.6 48 0.5 59 0.4 44 0.3 70 0.1 86 0.0
28 10.0 2 9.8 80 9.7 33 9.6 9 9.5 3 9.4 11 9.3 17 9.2 66 9.1 6 9.0 5 8.9 51 8.8 74 8.7 32 8.6 76 8.4 89 8.3 46 8.2 16 8.0 1 7.9 49 7.8 44 7.7 63 7.6 39 7.4 50 7.3 38 7.2 55 7.1 15 7.0 40 6.9 34 6.7 18 6.6 82 6.5 67 6.4 69 6.3 56 6.2 85 6.0 8 5.9 72 5.8 42 5.7 64 5.6 52 5.5 54 5.4 48 5.2 57 5.1 23 5.0 13 4.9 10 4.8 31 4.7 45 4.6 62 4.5 25 4.4 7 4.3 88 4.2 20 4.1 26 4.0 37 3.9 30 3.8 90 3.7 87 3.6 70 3.5 14 3.4 41 3.3 84 3.1 61 3.0 77 2.9 12 2.8 86 2.7 22 2.6 78 2.5 21 2.4 43 2.3 68 2.1 4 1.9 35 1.7 81 1.6 36 1.5 19 1.4 65 1.3 27 1.2 24 1.1 60 1.0 73 0.9 79 0.8 58 0.7 71 0.6 53 0.5 29 0.4 83 0.3 59 0.2 47 0.1 75 0.0
32 10.0 81 9.9 46 9.8 9 9.7 31 9.6 61 9.5 24 9.4 26 9.3 5 9.2 1 9.1 54 9.0 4 8.9 34 8.8 37 8.7 71 8.5 3 8.4 38 8.3 22 8.2 8 8.1 25 8.0 23 7.8 14 7.7 16 7.6 12 7.4 53 7.3 66 7.2 82 7.1 89 7.0 33 6.9 10 6.8 41 6.6 86 6.5 36 6.4 19 6.3 80 6.2 45 6.0 87 5.9 77 5.8 49 5.7 52 5.6 29 5.5 35 5.4 43 5.3 69 5.2 63 5.1 79 5.0 44 4.9 48 4.8 11 4.7 76 4.5 40 4.4 59 4.3 20 4.2 68 4.1 6 4.0 57 3.9 27 3.6 51 3.5 62 3.4 73 3.3 64 3.1 78 2.9 7 2.8 21 2.7 15 2.6 55 2.5 83 2.4 47 2.3 18 2.2 85 2.1 13 2.0 39 1.9 75 1.8 67 1.7 84 1.6 60 1.5 17 1.4 74 1.3 90 1.2 88 1.1 58 1.0 28 0.9 70 0.8 50 0.7 42 0.6 2 0.5 72 0.4 65 0.3 56 0.2 30 0.1
38 10.0 15 9.9 88 9.8 12 9.7 17 9.6 4 9.5 61 9.4 78 9.3 58 9.2 49 9.1 82 8.9 47 8.8 11 8.7 77 8.6 71 8.5 55 8.4 18 8.3 33 8.2 73 8.0 83 7.9 90 7.8 72 7.7 70 7.6 68 7.5 6 7.4 63 7.3 59 7.2 19 7.1 87 7.0 34 6.9 86 6.8 36 6.7 80 6.6 23 6.5 25 6.4 65 6.3 1 6.2 43 6.1 67 6.0 20 5.9 52 5.8 26 5.7 21 5.6 62 5.5 75 5.4 60 5.3 16 5.2 13 5.1 66 5.0 42 4.9 7 4.8 51 4.6 14 4.5 50 4.4 89 4.3 81 4.2 64 4.1 41 3.9 27 3.7 48 3.6 28 3.5 56 3.4 57 3.2 45 3.1 37 2.9 35 2.8 22 2.7 54 2.6 40 2.5 32 2.4 39 2.3 79 2.2 69 2.1 46 2.0 53 1.8 24 1.7 85 1.6 5 1.5 76 1.3 9 1.2 74 1.1 30 0.9 84 0.8 2 0.6 8 0.5 3 0.4 29 0.3 44 0.2 31 0.1 10 0.0
18 10.0 76 9.9 52 9.8 68 9.7 69 9.6 9 9.5 67 9.4 38 9.3 36 9.2 30 9.1 79 9.0 54 8.9 77 8.8 28 8.7 80 8.6 27 8.4 75 8.3 48 8.2 50 8.1 22 7.9 10 7.8 61 7.7 34 7.6 71 7.5 85 7.4 14 7.2 66 7.1 44 7.0 74 6.9 81 6.7 33 6.5 17 6.4 90 6.3 57 6.2 43 6.1 53 6.0 65 5.9 51 5.8 82 5.7 73 5.6 60 5.5 24 5.4 63 5.3 6 5.2 7 5.1 70 5.0 83 4.9 2 4.8 3 4.7 29 4.6 84 4.5 12 4.4 45 4.2 78 4.1 41 4.0 89 3.9 21 3.8 56 3.7 1 3.6 32 3.5 64 3.3 49 3.2 5 3.1 87 3.0 25 2.9 55 2.8 23 2.7 8 2.6 40 2.5 58 2.4 15 2.3 4 2.2 42 2.1 59 1.9 35 1.8 39 1.7 19 1.5 72 1.3 16 1.2 13 1.1 31 1.0 88 0.9 46 0.8 26 0.6 20 0.5 62 0.4 11 0.3 47 0.2 37 0.1 86 0.0
65 10.0 84 9.9 7 9.8 70 9.7 21 9.6 46 9.5 35 9.4 87 9.3 63 9.1 15 9.0 72 8.9 83 8.8 62 8.7 52 8.6 1 8.5 57 8.4 3 8.3 22 8.2 82 8.1 54 7.9 5 7.8 53 7.7 38 7.6 17 7.5 26 7.4 89 7.3 60 7.2 74 7.1 76 7.0 29 6.9 56 6.8 45 6.7 12 6.6 39 6.5 88 6.4 2 6.3 14 6.2 85 6.1 80 6.0 86 5.9 6 5.8 37 5.7 59 5.6 78 5.5 75 5.2 71 5.1 61 5.0 55 4.9 34 4.7 42 4.6 23 4.5 41 4.4 32 4.3 81 4.2 11 4.1 77 4.0 31 3.9 49 3.8 13 3.7 19 3.6 16 3.5 58 3.4 40 3.3 64 3.2 47 3.1 67 3.0 90 2.9 28 2.8 33 2.7 24 2.6 69 2.5 79 2.3 73 2.2 4 2.1 50 2.0 43 1.8 66 1.7 20 1.6 44 1.4 30 1.3 48 1.0 8 0.9 51 0.8 9 0.7 36 0.6 25 0.4 18 0.3 10 0.2 27 0.1 68 0.0
46 10.0 41 9.9 88 9.7 37 9.6 90 9.5 57 9.4 79 9.3 71 9.2 26 9.1 65 9.0 84 8.9 40 8.7 18 8.6 55 8.5 11 8.4 39 8.3 49 8.2 24 8.1 4 8.0 60 7.9 31 7.8 89 7.7 13 7.6 10 7.5 86 7.4 2 7.3 12 7.2 17 7.1 74 7.0 25 6.9 62 6.8 61 6.6 42 6.5 72 6.4 34 6.3 35 6.2 82 6.1 76 5.9 58 5.8 30 5.7 78 5.6 70 5.5 81 5.4 80 5.3 63 5.2 75 5.0 48 4.9 22 4.8 51 4.7 52 4.6 83 4.5 3 4.4 5 4.3 32 4.2 14 4.1 73 4.0 66 3.9 16 3.8 68 3.7 8 3.6 33 3.5 28 3.4 15 3.3 53 3.2 77 3.1 27 3.0 50 2.9 23 2.8 56 2.7 67 2.6 85 2.5 45 2.4 7 2.3 87 2.2 69 1.9 20 1.7 59 1.6 9 1.4 44 1.3 21 1.2 29 0.9 19 0.8 47 0.7 36 0.6 64 0.5 6 0.4 38 0.3 43 0.2 54 0.1 1 0.0
74 10.0 7 9.9 35 9.8 75 9.7 22 9.6 69 9.5 10 9.4 25 9.2 50 9.1 33 9.0 27 8.9 43 8.8 57 8.7 26 8.5 59 8.4 39 8.3 16 8.1 49 8.0 18 7.9 55 7.8 41 7.6 79 7.5 6 7.4 1 7.3 23 7.2 52 7.1 14 7.0 47 6.9 2 6.8 44 6.6 21 6.5 65 6.4 89 6.3 70 6.2 37 6.1 82 5.9 81 5.7 24 5.6 73 5.5 32 5.4 60 5.3 54 5.2 87 5.1 58 5.0 40 4.9 46 4.7 5 4.6 17 4.5 84 4.4 38 4.3 78 4.2 36 4.1 61 4.0 42 3.9 90 3.8 31 3.7 80 3.6 66 3.5 13 3.4 3 3.3 19 3.2 67 3.0 62 2.9 72 2.8 76 2.7 11 2.5 30 2.4 83 2.3 88 2.2 12 2.1 64 2.0 15 1.9 20 1.8 68 1.7 51 1.6 63 1.5 77 1.3 29 1.2 9 1.1 4 1.0 71 0.9 85 0.8 53 0.7 34 0.6 8 0.5 45 0.4 56 0.3 28 0.2 48 0.1 86 0.0
13 10.0 72 9.9 9 9.8 69 9.7 81 9.6 20 9.5 27 9.4 23 9.3 46 9.2 76 9.1 26 9.0 66 8.9 14 8.8 60 8.7 89 8.6 12 8.5 47 8.4 34 8.3 15 8.2 53 7.9 33 7.8 63 7.7 3 7.6 82 7.5 8 7.4 21 7.3 90 7.2 45 7.1 29 7.0 10 6.9 58 6.8 54 6.7 25 6.6 32 6.5 73 6.4 35 6.3 65 6.2 52 6.1 1 6.0 55 5.9 57 5.7 86 5.6 51 5.5 39 5.3 19 5.2 50 5.1 30 5.0 41 4.9 70 4.8 74 4.7 48 4.6 68 4.5 59 4.4 75 4.3 83 4.2 38 4.1 17 4.0 77 3.9 2 3.8 78 3.7 67 3.6 42 3.4 28 3.3 6 3.2 16 3.1 79 3.0 31 2.9 62 2.7 64 2.6 71 2.5 22 2.4 56 2.3 5 2.2 49 2.1 11 2.0 85 1.8 37 1.3 24 1.2 44 1.1 80 1.0 18 0.9 87 0.8 88 0.7 61 0.6 36 0.5 84 0.4 43 0.3 4 0.2 40 0.1 7 0.0
66 10.0 12 9.9 24 9.8 19 9.7 29 9.6 38 9.5 86 9.4 33 9.3 26 9.2 87 9.1 34 9.0 45 8.9 71 8.8 43 8.7 1 8.5 13 8.4 62 8.3 42 8.2 82 8.1 18 8.0 6 7.9 5 7.8 73 7.7 46 7.6 83 7.4 53 7.2 54 7.1 28 7.0 31 6.9 48 6.8 68 6.7 41 6.6 74 6.5 60 6.4 17 6.2 59 6.1 88 6.0 76 5.9 75 5.8 10 5.7 7 5.6 2 5.5 32 5.4 37 5.3 81 5.2 49 5.1 84 5.0 79 4.9 85 4.8 78 4.7 67 4.6 39 4.5 36 4.4 77 4.3 70 4.2 56 4.0 11 3.9 3 3.8 30 3.7 58 3.6 8 3.5 4 3.4 16 3.3 25 3.2 52 3.1 14 3.0 64 2.9 50 2.8 22 2.6 72 2.5 20 2.4 63 2.3 21 2.1 9 2.0 61 1.8 23 1.7 89 1.6 80 1.5 69 1.4 51 1.2 57 1.1 15 1.0 90 0.8 44 0.7 27 0.6 35 0.5 40 0.4 65 0.3 47 0.2 55 0.1
81 10.0 41 9.9 90 9.8 53 9.7 5 9.6 76 9.5 59 9.4 61 9.3 21 9.2 8 9.1 10 9.0 43 8.9 47 8.8 7 8.7 26 8.6 44 8.5 87 8.4 29 8.3 35 8.2 49 8.1 52 8.0 45 7.8 28 7.7 13 7.6 39 7.5 69 7.4 68 7.3 27 7.2 17 7.1 84 7.0 54 6.5 75 6.4 1 6.3 82 6.2 55 6.1 12 6.0 23 5.9 11 5.8 58 5.6 37 5.5 60 5.4 15 5.3 40 5.2 32 5.1 46 5.0 33 4.9 56 4.8 86 4.7 67 4.6 9 4.5 88 4.4 74 4.3 31 4.1 63 4.0 50 3.9 80 3.8 51 3.7 20 3.6 83 3.5 24 3.4 19 3.3 22 3.2 14 3.1 34 3.0 73 2.9 62 2.8 78 2.7 38 2.6 30 2.5 4 2.4 65 2.3 64 2.1 57 2.0 66 1.8 2 1.7 72 1.6 16 1.5 89 1.4 18 1.3 36 1.2 79 1.1 6 1.0 3 0.9 71 0.8 77 0.7 70 0.6 25 0.5 48 0.4 85 0.2 42 0.0
47 10.0 43 9.9 68 9.7 39 9.6 41 9.4 78 9.3 29 9.2 3 9.1 77 9.0 33 8.9 67 8.8 11 8.7 54 8.6 63 8.5 20 8.3 82 8.2 49 8.1 37 8.0 69 7.9 79 7.8 72 7.5 40 7.4 48 7.2 58 7.1 42 7.0 50 6.9 19 6.7 89 6.6 61 6.5 26 6.4 71 6.3 1 6.2 31 6.1 22 6.0 25 5.9 62 5.8 28 5.7 27 5.6 15 5.5 14 5.4 46 5.2 8 5.0 66 4.9 36 4.8 5 4.7 30 4.6 57 4.5 34 4.4 7 4.3 64 4.2 53 4.1 13 3.9 60 3.8 83 3.7 4 3.6 70 3.5 74 3.4 10 3.3 21 3.1 23 3.0 80 2.9 45 2.8 44 2.7 87 2.6 56 2.5 88 2.4 75 2.3 86 2.2 85 2.1 73 2.0 84 1.9 24 1.8 90 1.7 55 1.6 32 1.5 35 1.4 65 1.3 51 1.2 76 1.1 12 1.0 59 0.9 6 0.8 52 0.7 38 0.6 2 0.5 16 0.4 81 0.3 17 0.2 9 0.1 18 0.0
60 10.0 15 9.9 90 9.7 24 9.6 38 9.5 9 9.4 67 9.3 35 9.2 3 9.1 58 9.0 73 8.8 45 8.7 19 8.6 42 8.5 5 8.4 76 8.3 14 8.2 64 8.1 80 8.0 66 7.9 59 7.8 68 7.7 82 7.6 83 7.5 16 7.4 47 7.3 63 7.2 86 7.1 25 7.0 18 6.9 89 6.8 52 6.7 12 6.6 34 6.5 88 6.4 32 6.3 21 6.2 6 5.7 28 5.6 4 5.5 22 5.4 87 5.2 11 5.1 10 5.0 20 4.9 69 4.8 61 4.7 2 4.6 46 4.5 23 4.3 8 4.2 72 4.1 85 4.0 84 3.9 74 3.8 41 3.7 78 3.5 39 3.4 17 3.3 44 3.2 27 3.1 62 3.0 49 2.9 77 2.8 1 2.7 13 2.6 29 2.4 30 2.3 65 2.2 71 2.1 57 2.0 70 1.9 54 1.8 79 1.7 31 1.6 36 1.5 7 1.4 50 1.3 37 1.2 55 1.1 43 0.9 48 0.8 51 0.7 33 0.6 40 0.5 75 0.4 26 0.3 81 0.2 53 0.1 56 0.0
75 10.0 74 9.8 9 9.7 38 9.6 56 9.5 19 9.3 53 9.2 26 9.1 7 9.0 76 8.9 71 8.8 80 8.7 59 8.6 21 8.5 85 8.4 14 8.3 89 8.2 49 8.1 32 8.0 58 7.9 50 7.8 52 7.7 86 7.6 8 7.5 25 7.3 12 7.2 66 7.0 83 6.9 22 6.8 67 6.7 41 6.6 65 6.5 16 6.4 81 6.2 18 6.1 15 6.0 2 5.8 33 5.7 57 5.6 48 5.4 20 5.3 17 5.1 36 5.0 72 4.9 10 4.8 44 4.7 46 4.6 34 4.5 84 4.4 29 4.3 69 4.2 45 4.1 30 4.0 24 3.9 70 3.8 54 3.7 31 3.6 4 3.5 64 3.4 35 3.3 87 3.2 40 3.1 3 3.0 78 2.9 73 2.8 11 2.7 88 2.6 68 2.5 51 2.4 5 2.3 42 2.2 77 2.1 1 2.0 47 1.9 61 1.7 39 1.6 6 1.5 60 1.4 37 1.2 63 1.1 27 1.0 43 0.9 82 0.8 62 0.7 13 0.6 79 0.4 90 0.3 23 0.2 28 0.1 55 0.0
3 10.0 11 9.9 85 9.8 88 9.6 63 9.5 81 9.4 27 9.3 5 9.2 17 9.1 89 9.0 25 8.9 66 8.8 15 8.6 56 8.5 39 8.4 58 8.3 71 8.2 70 8.1 28 8.0 65 7.9 74 7.8 4 7.7 44 7.6 53 7.5 90 7.4 9 7.3 45 7.2 7 7.1 12 7.0 22 6.9 40 6.7 55 6.6 10 6.5 73 6.4 8 6.3 72 6.2 43 6.1 86 6.0 52 5.9 30 5.8 80 5.7 6 5.5 48 5.4 41 5.3 75 5.2 50 5.1 57 5.0 64 4.9 21 4.7 69 4.5 79 4.4 16 4.3 2 3.9 34 3.8 49 3.7 78 3.6 84 3.5 42 3.4 23 3.3 62 3.2 35 3.1 13 3.0 76 2.9 60 2.8 24 2.7 29 2.6 14 2.5 83 2.4 38 2.3 31 2.2 36 2.1 26 2.0 67 1.9 46 1.8 51 1.7 32 1.6 87 1.5 1 1.4 47 1.3 18 1.2 20 1.1 82 1.0 61 0.8 37 0.7 68 0.6 54 0.4 77 0.3 59 0.2 33 0.1 19 0.0
4 10.0 76 9.9 75 9.8 34 9.7 67 9.6 80 9.5 18 9.4 74 9.3 12 9.2 29 9.1 38 9.0 56 8.9 40 8.7 68 8.6 81 8.5 88 8.4 17 8.3 33 8.2 20 8.1 24 7.9 8 7.8 85 7.7 13 7.6 3 7.5 51 7.3 73 7.2 48 7.0 6 6.9 26 6.8 58 6.7 83 6.6 78 6.5 52 6.4 65 6.3 39 6.2 14 6.1 63 5.8 82 5.7 86 5.6 61 5.5 47 5.4 37 5.3 89 5.2 44 5.1 2 4.9 42 4.8 28 4.7 7 4.6 31 4.5 55 4.4 45 4.3 5 4.2 84 4.1 16 4.0 23 3.9 87 3.8 10 3.7 35 3.6 15 3.5 49 3.4 9 3.3 71 3.2 22 3.0 30 2.9 66 2.8 41 2.6 77 2.5 43 2.4 53 2.3 90 2.2 36 2.1 70 2.0 50 1.9 25 1.8 19 1.6 72 1.5 62 1.4 46 1.3 59 1.2 11 1.1 64 1.0 79 0.9 1 0.8 60 0.7 27 0.6 57 0.5 21 0.4 69 0.3 32 0.1 54 0.0
8 10.0 5 9.9 58 9.8 63 9.6 2 9.5 22 9.4 49 9.3 66 9.2 61 9.1 75 9.0 37 8.9 57 8.8 46 8.7 14 8.6 88 8.5 65 8.4 90 8.3 25 8.2 4 8.1 15 8.0 78 7.9 26 7.8 50 7.7 18 7.6 60 7.5 55 7.4 81 7.3 31 7.2 33 7.1 83 6.9 42 6.7 23 6.6 77 6.5 52 6.4 64 6.3 30 6.2 68 6.1 9 6.0 87 5.9 56 5.8 10 5.7 59 5.6 71 5.5 84 5.4 72 5.3 76 5.2 70 5.1 67 5.0 19 4.9 24 4.6 43 4.5 27 4.4 36 4.3 40 4.2 80 4.1 89 4.0 54 3.9 73 3.8 35 3.7 1 3.6 20 3.4 47 3.3 79 3.2 34 3.0 62 2.9 3 2.7 39 2.6 21 2.5 48 2.4 16 2.3 51 2.2 41 2.1 53 2.0 29 1.9 17 1.8 28 1.7 85 1.5 69 1.4 38 1.3 82 1.2 74 1.1 12 1.0 86 0.9 11 0.7 45 0.6 44 0.5 13 0.4 7 0.2 6 0.1 32 0.0
62 10.0 28 9.9 7 9.7 10 9.6 19 9.5 37 9.4 67 9.3 25 9.1 85 9.0 6 8.9 36 8.8 68 8.7 61 8.6 9 8.5 48 8.3 2 8.2 65 8.1 64 8.0 33 7.9 4 7.8 54 7.7 24 7.6 72 7.5 40 7.4 32 7.2 50 7.1 60 7.0 83 6.9 52 6.8 22 6.7 8 6.6 21 6.5 30 6.4 13 6.3 45 6.2 23 6.1 56 6.0 86 5.9 58 5.8 17 5.7 43 5.6 38 5.5 3 5.3 82 5.2 31 5.1 34 5.0 76 4.9 29 4.8 74 4.7 27 4.6 90 4.5 1 4.4 20 4.3 84 4.2 87 4.1 80 4.0 59 3.9 11 3.8 51 3.7 14 3.6 15 3.5 42 3.4 49 3.3 70 3.1 78 3.0 35 2.9 63 2.8 18 2.7 5 2.6 89 2.5 75 2.4 88 2.2 81 2.0 55 1.9 26 1.8 47 1.7 69 1.6 16 1.5 73 1.4 66 1.3 53 1.2 79 1.1 71 1.0 44 0.9 46 0.7 77 0.6 12 0.5 41 0.3 57 0.1 39 0.0
29 10.0 81 9.9 25 9.8 55 9.7 46 9.5 90 9.4 75 9.3 18 9.2 31 9.1 50 9.0 47 8.9 42 8.8 51 8.7 23 8.6 82 8.5 64 8.3 1 8.2 69 8.1 30 8.0 12 7.9 28 7.8 68 7.7 45 7.6 73 7.5 3 7.4 74 7.3 85 7.1 36 7.0 43 6.9 6 6.8 24 6.7 87 6.6 49 6.5 13 6.4 35 6.2 80 6.1 70 6.0 39 5.9 84 5.8 86 5.7 44 5.6 37 5.5 22 5.4 10 5.3 4 5.2 8 5.1 56 5.0 79 4.9 21 4.8 19 4.7 57 4.6 9 4.5 14 4.4 5 4.3 11 4.2 20 4.1 83 4.0 41 3.9 77 3.8 7 3.7 34 3.6 60 3.3 2 3.1 15 3.0 61 2.9 16 2.6 89 2.5 38 2.4 58 2.3 65 2.2 27 2.0 48 1.9 54 1.8 88 1.7 72 1.6 52 1.5 53 1.4 78 1.3 33 1.2 62 1.1 26 0.9 32 0.8 71 0.7 40 0.6 67 0.5 76 0.4 59 0.3 63 0.2 66 0.1 17 0.0
36 10.0 13 9.9 53 9.8 30 9.7 79 9.6 25 9.4 17 9.3 28 9.2 70 9.1 31 8.9 66 8.8 16 8.7 18 8.6 72 8.5 58 8.4 82 8.3 19 8.1 45 8.0 33 7.9 51 7.8 86 7.7 73 7.6 34 7.5 42 7.4 46 7.2 39 7.1 50 6.9 2 6.8 71 6.7 65 6.6 11 6.4 7 6.3 62 6.2 5 6.1 61 6.0 55 5.9 35 5.8 1 5.7 85 5.6 60 5.5 76 5.4 21 5.3 41 5.2 29 5.1 23 5.0 14 4.9 78 4.7 27 4.6 6 4.5 87 4.4 68 4.3 67 4.2 74 4.1 88 4.0 9 3.9 37 3.8 64 3.7 75 3.4 24 3.3 44 3.2 56 3.1 48 3.0 47 2.9 8 2.8 69 2.7 32 2.6 3 2.4 81 2.3 89 2.2 83 2.1 59 2.0 49 1.9 57 1.8 90 1.7 38 1.6 40 1.5 77 1.4 26 1.3 4 1.2 52 1.1 43 1.0 15 0.8 63 0.7 80 0.6 84 0.5 10 0.4 20 0.3 12 0.2 22 0.1 54 0.0
51 10.0 55 9.9 78 9.8 56 9.7 79 9.6 19 9.5 71 9.4 77 9.2 62 9.1 38 9.0 13 8.9 83 8.8 60 8.7 15 8.6 86 8.3 84 8.2 17 8.1 25 7.9 72 7.8 57 7.7 46 7.6 23 7.5 58 7.4 14 7.3 45 7.2 70 7.0 65 6.9 24 6.8 69 6.7 29 6.6 64 6.5 18 6.4 54 6.3 47 6.2 68 6.1 75 6.0 6 5.8 22 5.7 20 5.6 41 5.4 32 5.3 82 5.2 36 5.1 81 5.0 61 4.9 44 4.8 73 4.7 16 4.6 89 4.5 11 4.4 80 4.3 27 4.2 63 4.1 53 4.0 37 3.8 87 3.7 35 3.6 85 3.5 12 3.4 67 3.3 50 3.2 76 3.0 1 2.8 34 2.7 66 2.6 40 2.5 88 2.4 39 2.3 21 2.2 7 2.1 4 2.0 28 1.9 9 1.8 8 1.7 30 1.6 43 1.5 59 1.4 3 1.3 5 1.2 31 1.1 48 1.0 49 0.9 33 0.8 2 0.7 90 0.6 42 0.5 26 0.4 52 0.3 10 0.2 74 0.0
29 10.0 26 9.8 7 9.7 81 9.6 6 9.5 30 9.4 48 9.2 24 9.1 75 9.0 15 8.9 62 8.8 71 8.7 43 8.5 31 8.4 79 8.3 90 8.2 63 8.1 89 8.0 52 7.9 41 7.8 17 7.7 45 7.6 49 7.4 36 7.3 65 7.2 86 7.1 64 6.9 5 6.8 69 6.7 58 6.6 66 6.5 51 6.4 9 6.3 68 6.2 2 6.0 87 5.9 19 5.8 70 5.7 78 5.6 33 5.5 56 5.4 37 5.3 27 5.2 50 5.1 88 5.0 4 4.9 32 4.8 61 4.7 11 4.6 84 4.5 60 4.4 3 4.3 54 4.2 83 4.1 39 4.0 74 3.9 42 3.8 55 3.7 80 3.6 8 3.5 57 3.3 12 3.2 13 3.1 40 3.0 35 2.9 44 2.8 59 2.6 20 2.4 46 2.3 22 2.2 1 2.1 77 2.0 38 1.8 28 1.7 82 1.6 76 1.5 25 1.3 34 1.2 10 1.1 53 1.0 18 0.9 85 0.8 73 0.7 67 0.6 23 0.5 21 0.4 14 0.3 16 0.2 47 0.1 72 0.0
36 10.0 60 9.9 67 9.8 49 9.7 12 9.6 3 9.5 44 9.4 87 9.3 82 9.2 43 9.1 74 9.0 51 8.9 17 8.8 62 8.7 30 8.6 26 8.5 78 8.4 41 8.3 6 8.2 77 8.0 52 7.9 63 7.8 79 7.7 22 7.6 71 7.5 7 7.4 5 7.3 46 7.2 23 7.1 83 7.0 29 6.9 39 6.8 48 6.7 68 6.6 75 6.5 2 6.4 80 6.3 20 6.2 27 6.1 16 6.0 13 5.9 90 5.7 35 5.6 76 5.5 84 5.4 53 5.3 45 5.2 31 5.1 72 5.0 1 4.9 9 4.7 47 4.6 59 4.5 40 4.4 25 4.1 88 4.0 64 3.8 24 3.7 56 3.6 58 3.5 81 3.4 89 3.3 19 3.2 86 3.1 21 3.0 8 2.9 38 2.8 10 2.7 66 2.6 42 2.5 14 2.4 65 2.3 85 2.2 11 2.1 32 1.9 57 1.8 37 1.7 28 1.5 33 1.4 54 1.3 4 1.2 55 1.1 15 0.9 61 0.8 50 0.6 18 0.5 70 0.3 34 0.2 69 0.1 73 0.0
5 10.0 35 9.9 71 9.8 36 9.6 18 9.5 13 9.3 9 9.2 75 9.1 3 9.0 6 8.9 22 8.8 37 8.7 21 8.6 72 8.5 1 8.4 49 8.3 73 8.2 88 8.1 28 8.0 32 7.9 23 7.8 8 7.7 89 7.6 90 7.5 74 7.4 58 7.3 78 7.2 10 7.1 16 7.0 63 6.9 44 6.8 79 6.7 62 6.6 40 6.4 17 6.2 83 6.1 19 6.0 29 5.9 41 5.8 65 5.6 42 5.5 67 5.4 25 5.3 60 5.2 53 4.9 61 4.8 46 4.7 80 4.6 51 4.5 68 4.4 47 4.3 24 4.2 86 4.1 87 4.0 50 3.9 52 3.8 82 3.7 54 3.6 30 3.5 33 3.4 34 3.3 59 3.2 85 3.1 43 3.0 55 2.9 84 2.7 7 2.6 70 2.4 14 2.3 4 2.2 12 2.1 2 2.0 11 1.9 66 1.8 48 1.7 69 1.6 38 1.5 77 1.4 56 1.3 31 1.2 64 1.1 76 1.0 39 0.8 26 0.7 57 0.6 27 0.5 20 0.4 81 0.3 15 0.2 45 0.0
1 10.0 53 9.9 60 9.8 9 9.6 8 9.5 71 9.4 38 9.2 82 9.1 42 9.0 20 8.9 34 8.8 88 8.7 35 8.6 85 8.5 81 8.3 25 8.2 75 8.1 32 8.0 83 7.8 51 7.7 44 7.6 24 7.5 55 7.4 49 7.3 64 7.2 78 7.1 36 6.9 90 6.8 33 6.7 77 6.6 17 6.5 76 6.4 41 6.3 5 6.2 87 6.1 58 5.8 84 5.7 37 5.6 2 5.5 73 5.4 72 5.3 67 5.2 16 5.0 56 4.8 65 4.7 7 4.6 4 4.5 30 4.4 11 4.3 79 4.2 39 4.1 19 3.9 70 3.8 59 3.7 50 3.6 13 3.5 43 3.4 86 3.3 89 3.2 63 3.1 80 3.0 52 2.9 27 2.8 10 2.7 3 2.6 26 2.5 6 2.4 14 2.3 29 2.2 54 2.1 40 2.0 21 1.9 15 1.8 12 1.7 48 1.6 22 1.5 61 1.4 47 1.3 74 1.2 28 1.1 57 1.0 31 0.9 68 0.8 46 0.7 23 0.6 62 0.5 69 0.4 18 0.2 45 0.1 66 0.0
16 10.0 86 9.9 4 9.8 63 9.6 52 9.4 49 9.2 83 9.1 88 9.0 69 8.8 84 8.7 66 8.6 53 8.5 36 8.4 73 8.3 79 8.2 80 8.1 43 8.0 30 7.8 60 7.7 11 7.6 81 7.5 14 7.4 1 7.3 46 7.2 68 7.1 8 7.0 32 6.9 24 6.7 10 6.6 85 6.5 15 6.4 33 6.3 87 6.2 26 6.1 61 6.0 48 5.9 51 5.8 89 5.7 77 5.6 82 5.5 56 5.4 74 5.3 76 5.2 59 5.1 39 4.9 44 4.8 41 4.7 70 4.6 47 4.5 58 4.4 62 4.3 13 4.1 2 4.0 34 3.9 20 3.8 38 3.7 12 3.6 78 3.5 22 3.3 35 3.2 28 3.1 7 3.0 75 2.9 90 2.8 64 2.7 71 2.6 6 2.5 54 2.4 40 2.3 5 2.2 37 2.1 23 2.0 27 1.9 29 1.8 3 1.7 25 1.6 57 1.5 17 1.3 18 1.2 72 1.1 31 1.0 55 0.9 65 0.8 50 0.7 67 0.5 42 0.4 19 0.3 9 0.2 45 0.1 21 0.0
86 10.0 6 9.9 30 9.8 58 9.7 44 9.6 72 9.4 10 9.3 21 9.2 89 9.1 74 9.0 76 8.8 60 8.7 63 8.6 33 8.5 67 8.4 41 8.3 22 8.2 50 8.1 23 8.0 68 7.9 53 7.8 46 7.7 32 7.6 29 7.5 64 7.4 39 7.3 62 7.2 14 7.1 48 7.0 40 6.8 52 6.7 83 6.6 13 6.5 82 6.3 31 6.2 77 6.1 9 6.0 34 5.9 45 5.8 43 5.6 36 5.5 27 5.4 28 5.3 24 5.2 79 5.1 90 5.0 85 4.9 37 4.8 18 4.7 47 4.6 81 4.5 71 4.4 17 4.3 59 4.2 49 4.1 69 4.0 87 3.9 61 3.7 70 3.6 75 3.5 80 3.4 78 3.3 1 3.2 11 3.1 8 3.0 38 2.8 3 2.7 56 2.6 20 2.5 5 2.3 66 2.2 7 2.1 2 2.0 26 1.8 15 1.7 4 1.5 51 1.4 84 1.3 73 1.2 65 1.1 42 1.0 35 0.9 16 0.8 19 0.7 54 0.6 12 0.5 88 0.4 55 0.3 57 0.2 25 0.1
48 10.0 26 9.9 36 9.8 6 9.7 85 9.6 77 9.5 12 9.4 34 9.3 58 9.2 62 9.1 79 9.0 39 8.9 89 8.8 64 8.7 73 8.6 1 8.5 60 8.3 17 8.2 22 8.1 10 8.0 56 7.8 63 7.7 50 7.6 42 7.5 47 7.4 52 7.3 7 7.2 38 7.1 75 7.0 78 6.9 8 6.8 30 6.7 81 6.6 44 6.4 76 6.3 20 6.2 43 6.1 71 6.0 4 5.9 65 5.8 15 5.7 67 5.6 45 5.5 2 5.4 53 5.3 87 5.1 3 5.0 72 4.9 41 4.8 68 4.7 24 4.6 88 4.5 18 4.3 33 4.2 40 4.1 83 4.0 11 3.7 90 3.6 46 3.5 57 3.4 69 3.3 27 3.2 61 3.1 13 3.0 74 2.9 59 2.8 55 2.7 16 2.5 25 2.4 29 2.2 35 2.1 23 1.9 21 1.8 28 1.7 80 1.6 19 1.5 86 1.4 70 1.3 82 1.2 31 1.1 54 1.0 9 0.9 49 0.8 37 0.6 51 0.5 84 0.4 5 0.3 14 0.2 32 0.1 66 0.0
38 10.0 18 9.9 63 9.8 33 9.7 2 9.6 78 9.5 55 9.4 75 9.2 76 9.1 81 9.0 57 8.9 59 8.8 16 8.7 65 8.6 22 8.5 68 8.4 52 8.3 80 8.2 73 8.1 58 8.0 31 7.9 26 7.8 66 7.7 12 7.6 71 7.5 39 7.4 90 7.3 37 7.2 51 7.1 47 7.0 61 6.9 74 6.8 15 6.7 28 6.6 3 6.5 69 6.4 83 6.3 53 6.2 29 6.1 8 5.9 4 5.8 11 5.7 54 5.6 27 5.5 56 5.4 50 5.2 7 5.1 77 5.0 19 4.9 79 4.8 84 4.7 6 4.6 45 4.5 67 4.4 64 4.3 42 4.1 88 4.0 86 3.9 44 3.8 89 3.7 10 3.6 46 3.4 87 3.3 70 3.2 35 2.9 5 2.8 9 2.7 48 2.6 40 2.5 14 2.4 72 2.3 82 2.2 60 2.1 32 2.0 34 1.7 49 1.6 25 1.5 13 1.4 17 1.3 1 1.2 62 1.0 85 0.9 23 0.8 41 0.7 21 0.6 36 0.5 24 0.4 30 0.2 20 0.1 43 0.0
35 10.0 82 9.8 17 9.7 21 9.6 13 9.5 11 9.4 60 9.3 50 9.2 69 9.1 90 9.0 31 8.9 73 8.8 42 8.7 52 8.6 41 8.5 79 8.4 28 8.3 32 8.2 88 8.1 86 8.0 85 7.9 30 7.8 18 7.7 2 7.6 16 7.4 48 7.3 19 7.2 83 7.1 63 6.9 58 6.8 47 6.7 37 6.6 66 6.5 3 6.4 27 6.3 45 6.2 77 6.0 22 5.9 5 5.8 57 5.7 51 5.6 38 5.5 36 5.4 84 5.3 70 5.2 78 5.1 68 5.0 20 4.9 75 4.8 15 4.7 59 4.6 39 4.3 43 4.2 76 4.1 26 4.0 46 3.9 55 3.8 81 3.6 44 3.3 87 3.2 9 3.1 49 2.9 23 2.8 29 2.7 8 2.6 4 2.5 56 2.4 12 2.3 74 2.2 14 2.1 54 2.0 10 1.8 67 1.7 1 1.6 65 1.5 62 1.4 6 1.3 72 1.2 7 1.1 61 1.0 53 0.9 34 0.8 64 0.7 33 0.6 24 0.5 71 0.4 25 0.3 40 0.2 89 0.1 80 0.0
4 10.0 85 9.9 84 9.8 75 9.7 39 9.6 23 9.5 8 9.4 46 9.2 10 9.0 45 8.7 56 8.6 81 8.5 16 8.3 12 8.2 60 8.1 67 8.0 9 7.9 55 7.8 14 7.7 11 7.6 19 7.5 35 7.4 51 7.3 52 7.2 43 7.1 18 7.0 78 6.9 68 6.8 40 6.7 90 6.6 83 6.5 74 6.3 1 6.2 28 6.1 62 5.9 33 5.8 53 5.7 58 5.6 15 5.5 87 5.4 26 5.3 25 5.2 57 5.1 41 5.0 7 4.9 17 4.8 36 4.7 5 4.6 20 4.5 77 4.4 2 4.3 76 4.1 88 4.0 79 3.9 27 3.8 22 3.7 69 3.6 29 3.5 13 3.4 82 3.3 65 3.2 44 3.1 32 3.0 72 2.9 42 2.8 30 2.7 37 2.5 34 2.4 86 2.3 71 2.2 6 2.0 38 1.9 50 1.8 80 1.7 70 1.6 24 1.5 61 1.3 63 1.2 31 1.1 49 1.0 89 0.9 48 0.8 66 0.7 59 0.6 54 0.5 3 0.4 47 0.3 64 0.2 73 0.1 21 0.0
69 10.0 13 9.9 57 9.8 29 9.6 56 9.5 8 9.4 90 9.3 32 9.2 35 9.1 54 9.0 65 8.9 5 8.8 85 8.7 36 8.6 44 8.5 42 8.4 18 8.3 74 8.2 75 8.1 20 8.0 41 7.9 87 7.8 83 7.7 80 7.6 66 7.5 82 7.4 63 7.0 79 6.9 16 6.8 43 6.7 26 6.6 40 6.4 76 6.3 70 6.2 55 6.1 30 6.0 11 5.9 53 5.8 86 5.7 52 5.6 28 5.5 77 5.4 64 5.2 4 5.1 59 5.0 72 4.9 73 4.8 67 4.7 21 4.5 45 4.4 78 4.3 1 4.2 68 4.1 71 4.0 25 3.9 27 3.8 33 3.6 62 3.5 6 3.4 61 3.3 7 3.2 2 3.1 38 3.0 34 2.9 3 2.8 47 2.7 39 2.5 17 2.4 51 2.3 60 2.2 88 2.1 89 2.0 23 1.9 81 1.8 24 1.7 58 1.6 14 1.5 22 1.4 9 1.3 15 1.2 37 1.1 31 1.0 12 0.9 10 0.8 49 0.7 50 0.5 48 0.3 46 0.2 84 0.1 19 0.0
15 10.0 83 9.8 74 9.7 65 9.6 86 9.5 43 9.4 12 9.3 24 9.2 17 9.1 78 9.0 30 8.9 14 8.6 20 8.5 55 8.4 66 8.3 73 8.2 22 8.1 85 7.8 50 7.6 49 7.5 59 7.4 25 7.3 47 7.2 32 7.1 3 7.0 76 6.8 21 6.7 60 6.5 39 6.4 51 6.3 84 6.2 19 6.1 71 6.0 40 5.9 67 5.8 16 5.7 10 5.5 69 5.4 31 5.3 63 5.2 38 5.1 77 5.0 27 4.9 18 4.8 29 4.7 23 4.6 44 4.5 35 4.4 6 4.3 36 4.2 89 4.1 48 4.0 37 3.9 54 3.8 46 3.6 61 3.5 53 3.4 4 3.3 41 3.2 79 3.1 5 3.0 9 2.9 26 2.8 75 2.7 64 2.6 52 2.5 34 2.4 11 2.3 28 2.2 1 2.1 72 2.0 82 1.9 87 1.8 80 1.7 13 1.5 70 1.4 42 1.3 68 1.2 88 1.1 7 1.0 62 0.9 2 0.8 57 0.7 81 0.6 56 0.5 8 0.4 90 0.3 45 0.2 58 0.1 33 0.0
84 10.0 28 9.9 22 9.8 42 9.7 76 9.6 39 9.5 86 9.4 20 9.3 11 9.2 40 9.0 58 8.9 34 8.8 16 8.7 4 8.6 78 8.4 9 8.3 41 8.2 63 8.1 53 8.0 49 7.9 27 7.8 80 7.7 45 7.6 21 7.5 6 7.4 66 7.2 57 7.1 44 7.0 87 6.9 24 6.8 85 6.7 55 6.5 35 6.4 75 6.3 10 6.2 82 6.1 62 6.0 12 5.9 23 5.8 79 5.7 70 5.6 71 5.5 29 5.4 30 5.3 18 5.2 68 5.1 83 5.0 81 4.9 54 4.8 7 4.7 73 4.6 64 4.4 50 4.3 33 4.2 65 4.1 36 4.0 89 3.9 25 3.8 47 3.7 1 3.6 2 3.5 74 3.4 26 3.3 46 3.2 52 3.1 5 2.9 67 2.8 19 2.7 51 2.6 77 2.5 56 2.4 88 2.3 59 2.2 43 2.1 72 2.0 31 1.8 48 1.7 8 1.6 3 1.5 15 1.2 32 1.0 60 0.9 61 0.8 13 0.6 17 0.5 14 0.4 90 0.3 38 0.2 37 0.1 69 0.0
76 10.0 53 9.9 7 9.8 75 9.7 31 9.6 80 9.5 79 9.4 4 9.3 84 9.2 73 9.1 19 9.0 23 8.9 81 8.8 30 8.7 9 8.6 11 8.5 12 8.4 86 8.3 82 8.2 34 8.1 50 8.0 62 7.9 38 7.8 69 7.7 78 7.5 51 7.4 90 7.3 28 7.2 59 7.0 18 6.9 8 6.8 32 6.7 29 6.6 66 6.5 58 6.4 67 6.3 15 6.2 10 6.1 41 6.0 56 5.9 70 5.8 14 5.7 74 5.6 35 5.5 60 5.3 20 5.2 61 5.1 26 5.0 37 4.9 45 4.8 65 4.7 68 4.6 36 4.5 24 4.4 47 4.3 39 4.2 85 4.1 3 4.0 44 3.9 21 3.8 42 3.7 83 3.5 57 3.4 13 3.2 5 3.1 22 3.0 72 2.9 71 2.8 89 2.7 88 2.6 25 2.5 77 2.3 6 2.2 2 2.1 87 2.0 43 1.7 33 1.6 63 1.5 55 1.4 1 1.3 17 1.2 48 0.9 16 0.8 64 0.7 54 0.5 27 0.4 40 0.3 49 0.2 52 0.1 46 0.0
46 10.0 34 9.9 23 9.8 8 9.7 71 9.6 21 9.5 87 9.4 2 9.3 50 9.2 57 9.1 47 9.0 80 8.9 48 8.8 28 8.5 35 8.4 9 8.3 27 8.2 89 8.1 81 8.0 33 7.8 68 7.7 10 7.6 79 7.5 20 7.4 66 7.3 51 7.2 22 7.1 72 7.0 16 6.9 4 6.8 44 6.5 5 6.4 12 6.3 53 6.2 45 6.1 77 6.0 24 5.9 49 5.8 52 5.7 14 5.6 69 5.5 19 5.4 42 5.3 11 5.2 41 5.1 40 5.0 62 4.9 76 4.8 17 4.7 82 4.6 60 4.5 64 4.4 78 4.3 29 4.2 74 4.1 65 4.0 31 3.9 38 3.8 25 3.7 30 3.5 70 3.4 86 3.3 83 3.1 1 3.0 43 2.9 73 2.8 6 2.7 61 2.5 56 2.4 63 2.3 55 2.1 67 2.0 32 1.9 37 1.8 88 1.7 54 1.6 85 1.5 75 1.4 26 1.3 59 1.2 36 1.1 58 1.0 13 0.9 7 0.8 3 0.7 90 0.6 39 0.5 18 0.4 15 0.3 84 0.1
77 10.0 4 9.9 47 9.8 44 9.7 87 9.6 78 9.5 2 9.4 79 9.3 30 9.1 6 9.0 16 8.9 18 8.8 8 8.7 42 8.6 17 8.5 10 8.4 49 8.3 21 8.2 26 8.1 60 8.0 63 7.8 74 7.7 58 7.6 38 7.5 80 7.3 1 7.2 12 7.1 40 6.9 54 6.8 71 6.7 28 6.6 57 6.5 36 6.4 15 6.3 85 6.2 56 6.1 66 5.8 14 5.7 33 5.6 86 5.5 20 5.4 46 5.3 82 5.2 84 5.1 76 4.9 83 4.8 70 4.7 3 4.6 88 4.5 29 4.4 32 4.3 59 4.1 72 4.0 23 3.9 9 3.8 45 3.7 31 3.6 90 3.5 81 3.4 39 3.3 5 3.2 27 3.1 55 2.9 51 2.8 62 2.7 11 2.6 25 2.5 22 2.4 13 2.3 41 2.2 89 2.1 53 2.0 73 1.9 69 1.8 67 1.7 65 1.6 68 1.5 35 1.3 50 1.2 7 1.1 34 1.0 48 0.9 64 0.8 43 0.6 52 0.5 61 0.4 75 0.3 24 0.2 19 0.1 37 0.0
44 10.0 78 9.9 79 9.8 33 9.7 56 9.6 21 9.3 54 9.2 35 9.1 9 9.0 82 8.9 34 8.8 76 8.7 30 8.6 64 8.5 59 8.4 53 8.3 86 8.2 85 8.1 43 8.0 3 7.9 15 7.6 38 7.5 61 7.4 8 7.3 5 7.1 84 7.0 22 6.9 32 6.8 55 6.7 52 6.6 17 6.4 51 6.3 47 6.2 80 6.1 41 6.0 45 5.9 14 5.8 37 5.7 11 5.6 24 5.5 73 5.4 31 5.3 66 5.2 1 5.1 46 5.0 83 4.8 20 4.6 74 4.5 39 4.4 6 4.3 2 4.2 12 4.1 77 4.0 23 3.9 69 3.7 26 3.6 68 3.5 29 3.4 75 3.3 88 3.2 81 3.1 65 3.0 63 2.9 49 2.8 28 2.7 25 2.6 42 2.5 18 2.4 89 2.3 87 2.2 71 2.0 90 1.9 19 1.8 50 1.7 10 1.6 36 1.5 70 1.4 27 1.3 16 1.2 72 1.1 57 0.9 48 0.8 4 0.7 7 0.6 13 0.5 62 0.4 67 0.3 60 0.2 40 0.1 58 0.0
3 9.9 87 9.8 61 9.7 68 9.6 24 9.5 71 9.4 72 9.3 14 9.2 74 9.1 16 9.0 64 8.9 82 8.7 60 8.6 38 8.5 2 8.4 31 8.3 59 8.2 78 8.1 50 8.0 73 7.9 39 7.8 29 7.7 40 7.6 84 7.5 47 7.3 51 7.2 44 7.1 26 7.0 32 6.9 21 6.8 35 6.7 33 6.6 79 6.5 56 6.4 28 6.3 53 6.2 11 6.1 90 5.9 57 5.8 15 5.7 12 5.6 36 5.5 58 5.4 9 5.3 34 5.2 30 5.1 8 5.0 70 4.9 80 4.8 17 4.7 52 4.6 18 4.5 83 4.4 42 4.2 54 4.1 20 4.0 4 3.9 76 3.8 85 3.7 45 3.6 37 3.5 55 3.4 41 3.3 10 3.2 81 3.1 62 3.0 66 2.9 43 2.7 25 2.6 49 2.4 88 2.2 65 2.1 48 2.0 5 1.9 6 1.8 63 1.6 86 1.5 75 1.4 89 1.3 69 1.2 46 1.1 19 0.9 27 0.8 7 0.7 67 0.5 22 0.4 23 0.3 77 0.2 13 0.1 1 0.0
21 10.0 33 9.9 27 9.8 32 9.7 29 9.6 18 9.5 56 9.3 85 9.2 89 9.1 4 8.9 77 8.8 87 8.7 54 8.6 40 8.4 60 8.3 79 8.2 22 8.1 68 8.0 43 7.9 63 7.7 7 7.6 12 7.5 64 7.4 38 7.3 47 7.2 65 7.1 39 7.0 16 6.9 71 6.7 30 6.5 55 6.4 74 6.3 59 6.2 53 6.1 50 6.0 46 5.9 37 5.8 75 5.7 78 5.6 8 5.4 11 5.3 72 5.2 23 5.1 17 5.0 61 4.9 90 4.8 83 4.7 49 4.6 76 4.5 57 4.4 25 4.3 35 4.2 36 4.1 19 3.9 62 3.8 41 3.7 51 3.6 48 3.5 20 3.3 84 3.2 81 3.1 14 3.0 1 2.9 5 2.8 15 2.6 67 2.5 82 2.3 3 2.2 88 2.1 58 2.0 34 1.9 26 1.8 45 1.7 10 1.6 80 1.5 6 1.4 9 1.3 86 1.2 66 1.1 42 1.0 70 0.9 31 0.8 44 0.7 73 0.6 24 0.5 2 0.4 28 0.3 52 0.2 13 0.1 69 0.0
62 10.0 14 9.9 49 9.8 17 9.7 29 9.6 88 9.5 53 9.4 44 9.3 59 9.2 68 9.1 22 8.9 87 8.8 7 8.6 89 8.5 32 8.4 54 8.3 74 8.2 28 8.1 38 8.0 90 7.9 31 7.8 39 7.7 67 7.6 3 7.5 11 7.4 24 7.3 78 7.2 20 7.1 85 7.0 63 6.9 86 6.8 1 6.7 26 6.6 84 6.5 27 6.4 70 6.3 71 6.2 72 6.1 64 6.0 37 5.9 45 5.8 56 5.7 80 5.6 55 5.5 16 5.4 13 5.3 41 5.2 52 5.1 33 5.0 23 4.9 15 4.8 34 4.6 81 4.5 51 4.3 46 4.2 21 4.1 50 4.0 47 3.9 5 3.8 76 3.7 61 3.6 2 3.5 8 3.3 69 3.2 19 3.1 82 3.0 77 2.9 43 2.7 58 2.6 65 2.5 83 2.4 42 2.2 60 2.0 57 1.9 73 1.8 25 1.6 35 1.4 9 1.3 66 1.2 30 1.1 10 1.0 18 0.8 12 0.7 79 0.6 36 0.5 75 0.4 6 0.3 40 0.2 48 0.1 4 0.0
25 10.0 71 9.9 79 9.8 15 9.7 73 9.6 62 9.5 80 9.3 72 9.2 3 9.0 34 8.9 42 8.8 14 8.7 54 8.6 41 8.5 20 8.4 10 8.3 18 8.2 19 8.1 49 8.0 40 7.9 39 7.7 6 7.6 51 7.5 1 7.3 24 7.2 65 7.1 87 7.0 31 6.9 29 6.8 57 6.7 53 6.6 27 6.4 59 6.3 16 6.2 43 6.1 30 6.0 32 5.9 68 5.8 61 5.7 85 5.6 55 5.5 17 5.4 69 5.3 70 5.2 52 5.1 56 5.0 64 4.9 50 4.8 67 4.7 45 4.6 8 4.5 33 4.4 37 4.3 38 4.2 44 4.1 75 4.0 86 3.9 26 3.8 90 3.6 84 3.5 23 3.4 36 3.3 81 3.2 77 3.1 74 2.9 46 2.8 12 2.7 66 2.6 28 2.5 5 2.4 9 2.3 13 2.2 76 2.0 63 1.9 82 1.8 7 1.6 83 1.5 48 1.4 47 1.3 35 1.2 89 1.1 21 1.0 58 0.9 60 0.8 2 0.7 11 0.6 88 0.5 22 0.2 4 0.1 78 0.0
78 10.0 56 9.9 69 9.8 79 9.7 80 9.6 59 9.5 25 9.3 68 9.2 90 9.0 72 8.9 36 8.8 4 8.7 40 8.6 13 8.5 9 8.4 26 8.3 8 8.2 19 7.9 16 7.8 18 7.7 37 7.6 15 7.4 89 7.3 82 7.2 21 7.1 54 7.0 85 6.9 71 6.8 77 6.7 38 6.6 10 6.5 32 6.4 52 6.3 46 6.2 60 6.1 73 6.0 75 5.9 7 5.8 31 5.6 34 5.5 35 5.4 6 5.3 55 5.2 45 5.1 22 5.0 61 4.9 64 4.8 49 4.7 47 4.6 11 4.5 57 4.4 53 4.3 14 4.2 44 4.1 12 4.0 24 3.9 29 3.7 76 3.6 62 3.5 20 3.3 51 3.2 58 3.1 17 3.0 86 2.9 88 2.8 48 2.7 65 2.6 87 2.5 33 2.4 5 2.3 2 2.2 50 2.1 84 2.0 83 1.8 3 1.6 74 1.4 43 1.3 1 1.2 27 1.1 39 1.0 23 0.9 66 0.8 42 0.7 81 0.6 70 0.5 63 0.4 41 0.3 67 0.2 30 0.1 28 0.0
25 10.0 69 9.9 7 9.8 44 9.7 18 9.6 17 9.5 53 9.4 65 9.3 82 9.0 51 8.9 6 8.8 63 8.7 24 8.6 31 8.5 30 8.4 47 8.3 22 8.2 38 8.1 76 8.0 88 7.9 87 7.8 67 7.7 74 7.6 75 7.5 85 7.4 70 7.3 56 7.1 52 7.0 14 6.9 37 6.8 60 6.7 40 6.6 29 6.4 80 6.3 49 6.2 21 6.1 1 6.0 73 5.9 90 5.8 84 5.7 68 5.6 32 5.5 5 5.4 78 5.3 57 5.2 16 5.1 27 5.0 46 4.9 54 4.8 42 4.7 50 4.6 23 4.5 2 4.3 64 4.2 79 4.0 86 3.9 12 3.7 26 3.5 13 3.4 61 3.3 39 3.2 43 3.1 83 3.0 20 2.9 77 2.8 89 2.6 66 2.5 10 2.4 8 2.3 41 2.2 45 2.1 81 2.0 48 1.9 3 1.8 4 1.7 9 1.6 72 1.5 62 1.4 28 1.3 34 1.2 58 1.1 36 1.0 59 0.9 19 0.8 33 0.7 55 0.6 15 0.5 71 0.2 35 0.1 11 0.0
13 9.9 43 9.8 18 9.7 61 9.5 33 9.3 1 9.2 8 9.1 69 8.8 42 8.7 57 8.6 56 8.4 32 8.3 64 8.2 62 8.1 12 8.0 74 7.9 30 7.8 75 7.7 7 7.6 47 7.5 73 7.4 63 7.3 20 7.2 86 7.1 25 7.0 58 6.9 26 6.8 10 6.7 81 6.6 14 6.5 4 6.4 71 6.3 40 6.2 70 6.0 59 5.9 50 5.8 79 5.7 39 5.6 37 5.5 53 5.4 87 5.3 45 5.2 48 5.1 77 5.0 83 4.8 67 4.7 15 4.6 11 4.5 68 4.4 2 4.3 80 4.1 31 4.0 51 3.9 85 3.8 29 3.7 49 3.6 76 3.5 54 3.4 36 3.2 89 3.1 88 3.0 34 2.9 24 2.8 55 2.7 52 2.6 72 2.5 9 2.4 60 2.3 3 2.2 5 2.1 90 2.0 23 1.9 46 1.8 17 1.7 6 1.6 19 1.5 44 1.4 84 1.3 27 1.2 16 1.1 78 1.0 38 0.9 28 0.8 21 0.7 66 0.5 65 0.4 35 0.3 22 0.2 82 0.1 41 0.0
82 10.0 60 9.9 69 9.8 80 9.6 30 9.4 65 9.3 74 9.2 73 9.1 49 9.0 35 8.9 1 8.7 27 8.6 67 8.5 61 8.4 22 8.3 14 8.2 7 8.1 68 8.0 34 7.9 89 7.8 31 7.7 48 7.6 71 7.5 3 7.4 79 7.3 47 7.2 78 7.1 86 7.0 64 6.9 21 6.8 33 6.6 57 6.5 72 6.4 88 6.3 70 6.2 15 6.1 62 6.0 50 5.9 12 5.8 32 5.7 25 5.6 84 5.5 56 5.4 8 5.3 59 5.1 58 5.0 6 4.9 29 4.8 87 4.7 20 4.6 46 4.5 83 4.4 42 4.3 81 4.1 5 3.9 23 3.8 53 3.7 39 3.5 44 3.4 40 3.3 54 3.2 90 3.1 55 3.0 28 2.9 24 2.8 19 2.7 85 2.6 18 2.5 26 2.3 16 2.2 63 2.0 75 1.9 76 1.8 38 1.7 11 1.6 43 1.5 51 1.4 66 1.3 17 1.2 77 1.1 10 1.0 4 0.9 9 0.7 37 0.6 36 0.5 2 0.4 13 0.3 41 0.2 45 0.1 52 0.0
17 10.0 66 9.9 46 9.7 74 9.6 19 9.5 68 9.4 21 9.3 30 9.2 13 9.1 50 9.0 49 8.9 8 8.8 37 8.7 79 8.5 24 8.4 81 8.3 53 8.2 31 8.1 32 8.0 83 7.9 78 7.8 11 7.7 62 7.6 73 7.5 10 7.4 20 7.3 35 7.2 14 7.1 36 7.0 3 6.9 84 6.8 18 6.6 59 6.5 82 6.4 15 6.2 86 6.1 23 5.9 6 5.8 89 5.7 87 5.6 48 5.4 2 5.3 27 5.2 80 5.1 57 5.0 77 4.9 51 4.8 76 4.7 70 4.6 41 4.3 7 4.2 12 4.1 61 4.0 9 3.8 29 3.6 56 3.5 40 3.4 16 3.3 75 3.2 28 3.1 65 3.0 55 2.9 39 2.8 38 2.7 26 2.6 67 2.5 1 2.4 5 2.3 4 2.2 90 2.1 69 2.0 85 1.9 44 1.8 54 1.7 25 1.6 58 1.5 52 1.4 33 1.3 64 1.2 71 1.1 34 1.0 60 0.9 43 0.8 88 0.6 47 0.5 63 0.4 72 0.3 42 0.2 45 0.1 22 0.0
53 10.0 75 9.9 4 9.8 89 9.7 71 9.6 32 9.5 72 9.3 33 9.2 81 9.0 88 8.9 54 8.8 31 8.7 87 8.6 13 8.5 78 8.4 86 8.1 20 8.0 83 7.9 30 7.8 66 7.7 39 7.6 17 7.4 70 7.3 7 7.2 28 7.0 18 6.9 85 6.8 35 6.7 36 6.5 74 6.4 65 6.3 41 6.2 1 6.1 22 5.9 29 5.8 10 5.7 6 5.6 19 5.5 67 5.4 57 5.3 25 5.2 34 5.1 68 5.0 52 4.9 12 4.8 59 4.7 63 4.6 26 4.5 16 4.4 50 4.3 11 4.2 49 4.1 8 4.0 44 3.9 45 3.8 24 3.6 60 3.5 40 3.4 14 3.3 73 3.2 9 3.1 64 3.0 23 2.9 82 2.8 62 2.7 3 2.6 56 2.5 80 2.4 61 2.3 79 2.2 51 2.1 37 1.9 90 1.8 77 1.7 84 1.6 15 1.5 27 1.4 43 1.3 76 1.2 55 1.1 5 1.0 58 0.9 47 0.8 46 0.7 21 0.6 2 0.5 42 0.4 38 0.2 69 0.1 48 0.0
79 10.0 39 9.9 66 9.8 55 9.7 88 9.6 35 9.5 11 9.4 77 9.3 75 9.2 56 9.1 83 8.9 67 8.8 3 8.7 68 8.6 78 8.5 72 8.4 29 8.3 84 8.2 44 8.1 1 7.9 89 7.8 48 7.7 23 7.6 30 7.4 41 7.3 22 7.2 69 7.1 61 7.0 38 6.9 60 6.8 28 6.7 62 6.6 54 6.5 19 6.4 24 6.3 45 6.2 85 6.0 34 5.9 9 5.8 46 5.7 52 5.6 59 5.5 80 5.4 14 5.3 57 5.2 53 5.0 8 4.9 5 4.7 6 4.5 33 4.4 71 4.3 20 4.2 10 4.0 73 3.9 18 3.8 15 3.7 49 3.6 32 3.5 76 3.4 47 3.3 36 3.2 7 3.1 81 3.0 31 2.9 43 2.8 17 2.7 16 2.6 58 2.5 65 2.3 63 2.2 26 2.1 86 2.0 2 1.9 74 1.8 13 1.6 25 1.5 51 1.4 4 1.3 82 1.2 50 1.1 42 1.0 37 0.9 12 0.8 27 0.7 90 0.6 21 0.5 87 0.4 70 0.3 64 0.1 40 0.0
10 10.0 28 9.9 51 9.7 8 9.6 36 9.5 37 9.3 62 9.2 57 9.0 78 8.9 19 8.8 54 8.7 63 8.6 43 8.5 34 8.4 26 8.3 69 8.2 61 8.1 27 8.0 45 7.9 77 7.8 29 7.7 20 7.6 83 7.4 49 7.3 48 7.2 3 7.1 17 7.0 44 6.9 18 6.8 1 6.7 80 6.6 24 6.5 32 6.4 74 6.3 15 6.0 73 5.9 70 5.8 86 5.7 13 5.6 90 5.5 12 5.4 39 5.3 11 5.2 21 5.1 2 5.0 7 4.9 47 4.8 35 4.7 38 4.4 41 4.3 82 4.2 71 4.1 56 4.0 59 3.8 66 3.7 72 3.6 14 3.5 53 3.4 46 3.3 76 3.2 65 3.1 81 3.0 16 2.9 64 2.8 30 2.7 58 2.6 67 2.5 79 2.4 85 2.2 87 2.1 6 2.0 5 1.9 9 1.8 4 1.7 75 1.6 25 1.5 68 1.4 40 1.3 52 1.2 31 1.1 23 1.0 50 0.9 89 0.8 84 0.6 33 0.5 88 0.4 60 0.3 42 0.2 22 0.1 55 0.0
47 10.0 79 9.9 78 9.8 89 9.7 1 9.5 77 9.4 3 9.3 66 9.2 56 9.1 58 9.0 21 8.9 19 8.8 48 8.7 84 8.6 4 8.5 2 8.4 40 8.3 86 8.2 31 8.1 69 8.0 70 7.9 73 7.8 12 7.6 55 7.5 52 7.4 37 7.3 71 7.2 80 7.0 23 6.9 36 6.8 16 6.7 67 6.6 74 6.5 51 6.4 42 6.3 34 6.2 75 6.1 44 6.0 18 5.9 72 5.7 59 5.6 38 5.5 83 5.4 15 5.3 9 5.2 24 5.1 61 5.0 17 4.9 90 4.6 20 4.5 50 4.4 25 4.3 32 4.2 46 4.1 85 4.0 53 3.9 14 3.8 7 3.7 35 3.6 8 3.4 29 3.3 82 3.0 54 2.9 81 2.8 49 2.7 63 2.6 60 2.5 87 2.4 45 2.3 57 2.2 22 2.1 64 2.0 11 1.9 10 1.8 43 1.7 5 1.6 13 1.4 65 1.3 27 1.2 62 1.1 68 1.0 26 0.9 41 0.8 76 0.6 28 0.5 30 0.4 88 0.3 6 0.2 39 0.1 33 0.0
83 10.0 73 9.9 49 9.8 44 9.7 63 9.6 47 9.5 27 9.2 15 9.1 65 9.0 86 8.9 78 8.8 74 8.7 54 8.6 77 8.5 90 8.4 76 8.3 87 8.2 46 8.1 39 7.9 23 7.8 84 7.7 36 7.6 57 7.5 55 7.4 29 7.3 82 7.2 56 7.0 71 6.9 22 6.8 4 6.6 50 6.5 37 6.4 88 6.3 66 6.2 28 6.1 6 6.0 8 5.9 17 5.8 10 5.7 12 5.6 16 5.5 38 5.4 25 5.3 26 5.2 68 5.1 85 5.0 51 4.9 30 4.8 52 4.7 79 4.6 34 4.5 7 4.4 62 4.2 59 4.1 18 4.0 81 3.9 48 3.8 43 3.7 2 3.6 5 3.5 21 3.4 1 3.3 40 3.1 75 3.0 35 2.8 72 2.7 20 2.5 31 2.4 33 2.3 41 2.1 67 2.0 32 1.9 61 1.7 13 1.6 45 1.5 24 1.4 69 1.3 80 1.2 11 1.1 53 1.0 89 0.9 42 0.8 14 0.7 3 0.6 64 0.5 58 0.4 60 0.3 9 0.2 19 0.1 70 0.0
11 9.9 81 9.8 25 9.7 90 9.5 42 9.4 8 9.3 22 9.2 48 9.1 32 9.0 2 8.9 15 8.8 1 8.7 77 8.6 61 8.5 21 8.4 76 8.3 20 8.2 82 8.0 79 7.9 68 7.8 47 7.7 13 7.6 12 7.5 57 7.4 74 7.3 38 7.2 52 7.1 51 7.0 58 6.9 4 6.8 72 6.7 9 6.6 50 6.5 66 6.4 63 6.2 87 6.0 3 5.9 89 5.8 53 5.7 59 5.6 85 5.5 10 5.4 29 5.2 75 5.1 80 5.0 18 4.9 27 4.7 78 4.6 34 4.5 62 4.4 23 4.3 64 4.2 43 4.1 17 3.9 60 3.8 65 3.7 54 3.6 86 3.5 31 3.4 73 3.3 84 3.2 40 3.1 44 3.0 24 2.9 70 2.8 33 2.7 30 2.6 88 2.5 6 2.4 26 2.3 69 2.2 37 2.1 28 2.0 46 1.9 35 1.8 49 1.7 55 1.4 71 1.3 36 1.2 7 1.1 16 1.0 39 0.9 45 0.8 83 0.7 19 0.5 5 0.4 56 0.3 67 0.2 14 0.1 41 0.0
74 10.0 9 9.8 12 9.7 70 9.6 59 9.5 30 9.4 55 9.3 23 9.2 78 9.1 80 9.0 4 8.9 89 8.8 83 8.7 26 8.6 33 8.5 42 8.4 5 8.3 86 8.2 69 8.1 76 8.0 19 7.9 53 7.8 29 7.7 11 7.6 75 7.5 7 7.4 87 7.3 37 7.2 64 7.1 39 7.0 28 6.9 22 6.8 36 6.7 32 6.6 47 6.5 73 6.4 21 6.3 17 6.2 2 6.1 68 6.0 48 5.8 81 5.7 67 5.6 45 5.5 58 5.3 56 5.1 66 5.0 90 4.9 10 4.8 88 4.7 61 4.5 6 4.3 3 4.2 51 4.1 25 3.9 71 3.8 18 3.7 38 3.6 41 3.5 82 3.4 43 3.3 34 3.1 84 3.0 8 2.9 16 2.8 50 2.7 44 2.6 20 2.5 27 2.4 72 2.3 65 2.2 79 2.1 60 2.0 52 1.9 77 1.8 40 1.7 15 1.5 24 1.4 62 1.3 1 1.2 46 1.1 54 1.0 35 0.8 57 0.7 49 0.5 85 0.4 13 0.3 14 0.2 63 0.1 31 0.0
49 10.0 10 9.9 42 9.8 83 9.6 73 9.5 55 9.4 21 9.2 11 9.1 87 9.0 82 8.9 56 8.8 2 8.7 33 8.6 28 8.5 39 8.4 66 8.3 43 8.2 72 8.1 54 8.0 44 7.9 86 7.7 22 7.6 69 7.5 5 7.4 23 7.3 38 7.2 24 7.1 41 6.9 45 6.8 75 6.7 58 6.6 57 6.5 36 6.4 34 6.3 79 6.2 52 6.1 65 6.0 27 5.9 90 5.8 62 5.7 20 5.6 15 5.5 68 5.4 30 5.3 19 5.2 16 5.1 51 4.9 13 4.8 67 4.7 17 4.6 80 4.5 4 4.4 60 4.3 8 4.2 78 4.1 3 4.0 46 3.9 50 3.8 88 3.7 14 3.6 63 3.5 40 3.4 1 3.3 70 3.2 74 3.1 64 3.0 35 2.9 26 2.8 81 2.7 61 2.6 71 2.5 47 2.2 25 2.1 32 2.0 9 1.9 31 1.8 53 1.7 77 1.6 18 1.4 84 1.3 85 1.0 76 0.9 29 0.8 12 0.7 7 0.6 59 0.5 89 0.4 6 0.2 48 0.1 37 0.0
8 10.0 31 9.9 46 9.8 20 9.7 54 9.6 16 9.5 84 9.4 25 9.3 36 9.2 58 9.1 88 9.0 50 8.9 55 8.8 38 8.7 30 8.6 28 8.5 42 8.4 10 8.3 9 8.2 24 8.1 32 8.0 87 7.9 81 7.8 62 7.7 64 7.6 17 7.5 47 7.4 73 7.3 70 7.1 14 7.0 51 6.9 82 6.8 13 6.7 43 6.6 79 6.5 15 6.4 29 6.2 1 6.1 37 5.9 2 5.8 78 5.6 19 5.5 11 5.4 34 5.3 76 5.2 68 5.1 60 5.0 12 4.9 22 4.8 48 4.7 63 4.6 67 4.5 86 4.4 6 4.3 80 4.2 52 4.1 7 4.0 85 3.9 71 3.8 56 3.6 77 3.3 27 3.2 21 3.1 57 3.0 41 2.9 4 2.8 3 2.7 5 2.6 49 2.5 75 2.4 59 2.2 69 2.1 83 2.0 74 1.8 61 1.6 26 1.5 45 1.4 53 1.2 89 1.1 40 1.0 35 0.9 18 0.8 33 0.7 65 0.6 39 0.5 44 0.4 90 0.3 66 0.2 72 0.1 23 0.0
1 10.0 56 9.9 78 9.8 88 9.7 23 9.6 33 9.5 5 9.4 12 9.3 87 9.1 61 9.0 54 8.9 66 8.8 28 8.7 13 8.6 76 8.5 83 8.4 50 8.3 6 8.1 63 8.0 41 7.9 46 7.6 69 7.5 52 7.4 70 7.3 86 7.2 16 7.1 74 7.0 25 6.8 44 6.7 24 6.6 82 6.5 22 6.4 77 6.3 75 6.2 60 6.0 53 5.9 20 5.8 62 5.7 71 5.6 38 5.5 64 5.4 10 5.3 39 5.2 73 5.1 2 5.0 40 4.9 26 4.8 32 4.7 51 4.6 85 4.5 17 4.4 80 4.2 15 4.0 59 3.9 11 3.7 19 3.6 29 3.5 18 3.4 72 3.3 42 3.2 8 3.1 89 3.0 37 2.9 90 2.8 48 2.7 67 2.6 3 2.5 4 2.4 9 2.3 27 2.2 68 2.1 36 1.9 35 1.8 49 1.7 30 1.6 57 1.5 21 1.4 7 1.3 14 1.2 45 1.1 47 1.0 84 0.9 43 0.8 34 0.6 65 0.5 79 0.4 55 0.3 58 0.2 31 0.1 81 0.0
82 10.0 74 9.9 47 9.8 51 9.7 20 9.6 66 9.5 26 9.4 68 9.3 59 9.2 15 9.1 24 9.0 31 8.9 16 8.8 79 8.7 21 8.6 1 8.5 48 8.4 32 8.3 86 8.2 9 8.0 13 7.9 55 7.8 61 7.7 49 7.6 46 7.5 62 7.4 65 7.3 11 7.2 44 7.1 33 7.0 54 6.9 12 6.8 63 6.7 73 6.6 50 6.4 25 6.3 70 6.2 78 6.1 89 6.0 53 5.9 76 5.7 64 5.6 71 5.4 75 5.3 4 5.2 52 5.1 83 5.0 3 4.9 19 4.8 34 4.6 85 4.5 2 4.4 67 4.2 72 4.1 30 4.0 88 3.9 57 3.8 60 3.7 43 3.6 81 3.4 7 3.3 56 3.2 40 3.1 8 3.0 41 2.8 42 2.7 29 2.6 87 2.3 10 2.2 77 2.1 36 2.0 22 1.9 27 1.8 90 1.7 14 1.6 18 1.5 35 1.4 80 1.2 45 1.1 28 1.0 58 0.9 5 0.8 37 0.7 23 0.6 6 0.5 84 0.4 39 0.3 38 0.2 17 0.1 69 0.0
62 10.0 38 9.9 14 9.8 25 9.7 65 9.6 72 9.5 7 9.2 81 9.1 79 9.0 85 8.9 13 8.6 32 8.5 87 8.4 19 8.3 49 8.2 8 8.1 53 8.0 74 7.9 36 7.8 89 7.7 69 7.6 1 7.5 22 7.4 35 7.3 41 7.2 46 7.1 34 7.0 82 6.9 58 6.8 2 6.7 42 6.6 71 6.5 9 6.4 28 6.3 66 6.2 37 6.1 3 6.0 54 5.9 20 5.8 11 5.6 51 5.5 52 5.3 64 5.2 78 5.1 17 4.9 60 4.8 75 4.7 30 4.6 55 4.5 67 4.4 4 4.3 56 4.2 27 4.1 5 4.0 86 3.9 16 3.8 45 3.7 44 3.6 40 3.5 31 3.4 50 3.3 61 3.2 12 3.1 39 3.0 15 2.9 21 2.8 59 2.7 24 2.6 63 2.5 10 2.4 23 2.1 73 1.9 29 1.8 6 1.7 43 1.6 84 1.5 83 1.4 70 1.3 90 1.2 77 1.1 48 1.0 57 0.9 68 0.8 76 0.7 47 0.6 80 0.4 26 0.3 33 0.2 88 0.1 18 0.0
38 10.0 33 9.9 78 9.8 82 9.7 35 9.6 17 9.5 6 9.4 59 9.3 11 9.2 26 9.1 54 9.0 62 8.9 68 8.8 46 8.7 51 8.6 81 8.5 20 8.4 3 8.3 24 8.1 60 7.9 87 7.8 88 7.7 72 7.6 66 7.5 10 7.4 15 7.3 64 7.2 45 7.1 4 6.9 75 6.8 79 6.7 80 6.6 53 6.5 22 6.4 90 6.2 55 6.1 9 6.0 23 5.9 83 5.8 29 5.7 63 5.6 39 5.5 67 5.4 76 5.3 12 5.1 18 5.0 44 4.9 40 4.8 56 4.7 16 4.6 58 4.5 21 4.3 14 4.2 41 4.1 19 4.0 43 3.9 73 3.8 57 3.7 70 3.6 36 3.5 69 3.4 65 3.3 84 3.2 13 3.1 32 3.0 2 2.9 77 2.8 7 2.7 48 2.6 61 2.5 71 2.4 50 2.3 5 2.2 74 2.1 42 2.0 49 1.9 86 1.8 31 1.7 47 1.6 52 1.5 89 1.4 30 1.3 1 1.1 34 1.0 85 0.8 27 0.7 28 0.6 8 0.5 25 0.4 37 0.3
52 10.0 17 9.9 15 9.8 16 9.7 49 9.6 39 9.5 19 9.4 34 9.3 36 9.2 2 9.1 22 9.0 18 8.9 33 8.8 56 8.7 55 8.6 38 8.5 78 8.4 26 8.3 80 8.2 45 8.1 32 8.0 59 7.9 58 7.8 4 7.7 76 7.6 73 7.4 69 7.3 51 7.2 66 7.1 67 7.0 72 6.9 62 6.8 23 6.7 11 6.6 85 6.5 5 6.4 60 6.2 9 6.1 90 6.0 70 5.9 13 5.8 57 5.7 44 5.6 87 5.4 84 5.3 7 5.2 41 5.1 74 4.9 48 4.8 10 4.7 12 4.6 63 4.4 1 4.3 88 4.1 79 4.0 30 3.9 82 3.8 83 3.7 71 3.6 14 3.5 28 3.4 21 3.3 47 3.2 42 3.0 61 2.9 40 2.8 27 2.7 35 2.6 29 2.5 31 2.3 77 2.2 65 2.1 81 1.9 46 1.8 68 1.7 20 1.6 53 1.5 8 1.4 25 1.3 24 1.2 75 1.1 64 1.0 50 0.9 43 0.8 89 0.7 3 0.6 37 0.5 86 0.4 6 0.2 54 0.0
1 9.9 71 9.7 20 9.6 12 9.5 23 9.4 7 9.3 38 9.2 19 9.1 18 9.0 42 8.9 43 8.8 11 8.7 40 8.6 77 8.5 49 8.4 85 8.3 55 8.2 46 8.1 75 7.9 31 7.8 68 7.7 6 7.6 87 7.5 33 7.4 72 7.3 24 7.2 5 7.1 73 7.0 25 6.8 67 6.7 52 6.6 60 6.5 4 6.4 45 6.3 79 6.2 65 6.0 54 5.9 44 5.7 81 5.6 90 5.5 37 5.4 58 5.3 66 5.2 89 5.1 14 5.0 21 4.9 63 4.8 57 4.7 69 4.6 51 4.5 47 4.4 76 4.3 26 4.2 70 4.1 16 4.0 48 3.9 34 3.8 53 3.7 39 3.6 35 3.5 80 3.4 61 3.3 29 3.2 15 3.0 64 2.9 32 2.8 50 2.7 56 2.6 86 2.5 82 2.4 62 2.3 3 2.1 2 2.0 10 1.9 41 1.8 83 1.7 30 1.6 59 1.5 8 1.4 78 1.3 74 1.1 9 0.9 17 0.8 28 0.7 22 0.5 13 0.4 88 0.3 27 0.2 84 0.1 36 0.0
51 10.0 15 9.9 78 9.8 82 9.7 63 9.5 37 9.4 40 9.3 90 9.2 46 9.1 38 9.0 13 8.9 24 8.8 12 8.7 20 8.4 79 8.3 32 8.1 54 8.0 3 7.9 74 7.8 56 7.5 64 7.4 42 7.3 69 7.2 30 7.1 35 6.9 73 6.8 60 6.7 45 6.6 41 6.5 86 6.4 87 6.3 8 6.2 75 6.1 62 6.0 27 5.9 31 5.8 58 5.7 6 5.6 43 5.5 17 5.4 55 5.3 57 5.2 76 5.1 10 5.0 48 4.9 2 4.8 89 4.7 52 4.6 77 4.5 59 4.4 23 4.3 29 4.2 72 4.1 81 4.0 68 3.9 34 3.8 19 3.7 61 3.6 49 3.5 44 3.3 7 3.2 5 3.1 80 3.0 21 2.9 88 2.8 16 2.7 18 2.6 39 2.5 9 2.4 83 2.3 33 2.2 26 2.1 50 2.0 28 1.9 71 1.8 66 1.7 36 1.4 25 1.3 11 1.2 67 1.1 65 1.0 22 0.9 53 0.8 4 0.7 47 0.5 14 0.4 70 0.3 84 0.2 1 0.1 85 0.0
59 9.9 38 9.8 16 9.7 39 9.6 54 9.5 83 9.4 81 9.3 89 9.2 70 9.1 44 9.0 3 8.8 50 8.7 8 8.6 71 8.5 86 8.4 19 8.3 49 8.1 22 8.0 32 7.9 37 7.8 51 7.7 67 7.6 36 7.5 66 7.3 82 7.2 46 7.1 56 7.0 78 6.9 21 6.8 47 6.7 27 6.6 28 6.2 74 6.1 17 6.0 12 5.9 23 5.8 61 5.7 33 5.6 58 5.5 69 5.4 18 5.3 87 5.2 24 5.1 55 5.0 26 4.9 79 4.8 64 4.7 31 4.6 80 4.5 13 4.4 42 4.3 6 4.2 48 4.1 40 4.0 4 3.8 63 3.7 73 3.5 11 3.4 25 3.3 29 3.2 30 3.1 9 2.9 60 2.8 57 2.7 75 2.6 72 2.5 34 2.4 7 2.3 20 2.2 43 2.1 65 2.0 62 1.9 52 1.8 90 1.7 5 1.6 35 1.5 88 1.3 41 1.2 53 1.1 77 1.0 85 0.9 14 0.8 45 0.7 76 0.6 10 0.5 15 0.4 68 0.3 1 0.2 84 0.1 2 0.0
17 10.0 43 9.9 68 9.8 28 9.7 75 9.6 80 9.5 84 9.4 53 9.2 48 9.1 36 9.0 10 8.9 32 8.8 86 8.7 83 8.6 87 8.5 38 8.4 8 8.3 60 8.2 64 8.1 14 8.0 77 7.9 15 7.8 22 7.6 65 7.5 67 7.4 7 7.3 41 7.2 46 7.1 90 7.0 25 6.9 73 6.7 69 6.6 70 6.5 72 6.4 30 6.3 89 6.2 63 6.1 26 6.0 59 5.9 61 5.8 24 5.7 55 5.6 11 5.5 74 5.3 27 5.2 66 5.1 42 5.0 18 4.9 19 4.7 31 4.6 12 4.5 45 4.4 62 4.3 50 4.2 20 4.1 78 4.0 16 3.9 40 3.8 2 3.7 76 3.6 34 3.5 49 3.4 29 3.3 85 3.2 88 3.1 81 3.0 52 2.9 13 2.8 56 2.6 39 2.5 79 2.3 6 2.2 21 2.1 54 2.0 37 1.9 1 1.8 33 1.6 82 1.5 58 1.4 9 1.0 4 0.9 71 0.8 35 0.7 51 0.6 23 0.5 3 0.4 44 0.3 47 0.2 57 0.1 5 0.0
17 10.0 32 9.9 63 9.8 88 9.7 11 9.6 90 9.5 10 9.4 14 9.3 13 9.2 4 9.1 21 9.0 59 8.9 75 8.8 51 8.7 70 8.6 57 8.4 24 8.3 68 8.2 36 8.1 45 8.0 62 7.9 52 7.8 40 7.7 84 7.6 89 7.5 85 7.4 61 7.3 43 7.2 30 7.0 6 6.9 67 6.7 60 6.5 33 6.4 8 6.3 1 6.2 80 6.1 48 6.0 35 5.9 39 5.8 73 5.6 58 5.5 50 5.4 26 5.3 29 5.2 56 5.0 7 4.9 41 4.8 15 4.7 16 4.6 37 4.5 74 4.4 87 4.3 42 4.2 82 4.0 86 3.9 81 3.8 27 3.7 18 3.6 79 3.4 54 3.3 72 3.1 31 3.0 23 2.9 65 2.7 22 2.6 44 2.5 28 2.3 55 2.2 64 2.1 71 2.0 53 1.9 25 1.8 83 1.7 2 1.6 69 1.5 38 1.4 20 1.3 9 1.2 5 1.1 12 1.0 66 0.9 34 0.8 47 0.7 49 0.6 19 0.5 78 0.4 3 0.3 76 0.2 46 0.1 77 0.0
73 10.0 34 9.9 49 9.8 77 9.5 79 9.4 30 9.3 76 9.2 45 9.1 88 9.0 20 8.9 32 8.8 75 8.7 56 8.6 37 8.5 53 8.4 66 8.3 7 8.2 25 8.1 27 8.0 23 7.9 82 7.7 17 7.5 48 7.4 15 7.3 13 7.2 28 7.1 41 7.0 12 6.9 33 6.8 80 6.7 81 6.6 90 6.5 57 6.4 69 6.3 52 6.2 72 6.0 36 5.9 67 5.8 85 5.7 44 5.6 3 5.5 35 5.4 70 5.3 2 5.2 89 5.1 29 5.0 71 4.8 11 4.7 24 4.6 64 4.5 60 4.4 74 4.2 8 4.1 50 4.0 84 3.9 19 3.8 4 3.7 78 3.6 10 3.5 22 3.4 68 3.3 47 3.2 1 3.1 31 3.0 18 2.9 26 2.8 38 2.7 59 2.6 55 2.4 54 2.3 42 2.2 61 2.1 21 2.0 6 1.9 51 1.8 65 1.7 87 1.5 83 1.4 63 1.3 43 1.2 39 1.1 40 1.0 46 0.9 16 0.8 58 0.7 5 0.6 86 0.5 9 0.3 14 0.2 62 0.0
24 10.0 13 9.9 52 9.8 47 9.7 71 9.6 25 9.5 23 9.4 60 9.3 82 9.1 26 8.9 77 8.7 37 8.6 64 8.5 36 8.4 40 8.3 3 8.2 16 8.1 45 8.0 1 7.9 7 7.8 63 7.7 88 7.6 53 7.5 65 7.4 17 7.3 81 7.2 89 7.1 4 7.0 66 6.9 20 6.7 80 6.6 48 6.4 87 6.3 44 6.2 19 6.1 41 6.0 6 5.9 2 5.8 9 5.7 8 5.6 27 5.5 56 5.4 12 5.3 55 5.2 74 5.1 15 5.0 68 4.9 42 4.8 75 4.7 54 4.6 78 4.5 18 4.4 61 4.3 59 4.2 11 4.1 28 4.0 10 3.9 72 3.8 14 3.7 86 3.5 51 3.4 62 3.3 39 3.2 79 3.1 67 3.0 70 2.9 32 2.8 76 2.7 90 2.6 46 2.5 83 2.4 73 2.3 30 2.2 57 1.9 31 1.8 43 1.7 84 1.6 69 1.5 50 1.4 33 1.2 22 1.1 38 1.0 29 0.7 5 0.6 21 0.5 58 0.4 49 0.3 34 0.2 85 0.1 35 0.0
47 10.0 46 9.7 60 9.6 61 9.5 22 9.4 35 9.3 67 9.2 8 9.1 43 9.0 5 8.9 40 8.8 14 8.7 50 8.6 76 8.5 4 8.4 38 8.3 51 8.2 57 8.1 1 8.0 10 7.9 59 7.8 6 7.7 74 7.6 64 7.5 21 7.4 18 7.3 7 7.2 26 7.1 83 7.0 20 6.8 86 6.7 3 6.6 88 6.5 11 6.4 17 6.3 58 6.2 15 5.9 63 5.8 66 5.7 68 5.6 33 5.5 19 5.4 52 5.3 54 5.2 53 5.1 41 4.8 84 4.7 9 4.6 37 4.5 49 4.4 73 4.3 32 4.2 30 4.1 82 4.0 56 3.9 45 3.8 62 3.7 34 3.5 16 3.4 12 3.3 36 3.2 71 3.1 65 3.0 25 2.9 2 2.8 80 2.7 48 2.6 31 2.4 78 2.3 42 2.2 27 2.1 75 2.0 70 1.9 85 1.8 81 1.7 90 1.6 39 1.5 55 1.4 23 1.3 13 1.2 69 1.1 77 1.0 24 0.8 89 0.7 79 0.6 72 0.5 28 0.4 44 0.3 87 0.2 29 0.1
7 10.0 14 9.9 24 9.8 6 9.7 26 9.5 89 9.4 41 9.3 27 9.2 76 9.1 35 9.0 54 8.8 12 8.7 1 8.6 31 8.5 65 8.4 2 8.3 25 8.2 82 8.1 22 8.0 58 7.9 48 7.7 90 7.6 53 7.5 38 7.4 21 7.3 55 7.2 40 7.1 57 7.0 15 6.8 28 6.7 42 6.6 84 6.4 8 6.3 50 6.2 70 6.1 75 6.0 64 5.9 45 5.8 20 5.7 39 5.6 37 5.5 66 5.4 77 5.3 85 5.2 71 5.1 46 5.0 73 4.8 74 4.7 49 4.6 30 4.5 9 4.4 86 4.3 11 4.2 88 4.1 18 4.0 13 3.9 59 3.8 3 3.7 56 3.6 62 3.5 69 3.3 19 3.2 23 3.1 29 3.0 60 2.9 79 2.8 5 2.7 17 2.6 33 2.5 16 2.4 61 2.3 43 2.2 10 2.1 72 2.0 51 1.9 63 1.8 34 1.6 68 1.5 81 1.4 87 1.2 47 1.1 52 1.0 78 0.9 67 0.8 44 0.7 83 0.6 36 0.5 80 0.3 32 0.2 4 0.1
69 10.0 61 9.9 44 9.8 78 9.7 75 9.6 55 9.5 30 9.4 57 9.3 68 9.2 4 9.1 43 8.9 77 8.8 46 8.6 71 8.5 81 8.4 62 8.3 36 8.1 70 8.0 13 7.8 20 7.7 83 7.6 65 7.5 82 7.3 1 7.2 84 7.1 47 7.0 35 6.9 88 6.8 17 6.7 89 6.6 22 6.5 59 6.4 26 6.3 8 6.2 37 6.0 32 5.9 48 5.8 74 5.7 38 5.6 42 5.5 40 5.4 85 5.3 63 5.2 34 5.0 2 4.9 54 4.8 50 4.7 41 4.6 79 4.5 3 4.4 16 4.3 18 4.1 86 4.0 5 3.9 53 3.8 45 3.7 31 3.6 80 3.5 12 3.4 56 3.3 6 3.2 60 3.1 25 2.9 19 2.8 64 2.7 58 2.6 51 2.5 10 2.3 76 2.2 67 2.1 33 2.0 39 1.9 27 1.8 21 1.7 90 1.6 24 1.5 9 1.4 23 1.3 15 1.2 72 1.1 73 1.0 52 0.9 11 0.8 28 0.7 7 0.6 49 0.5 29 0.4 87 0.2 14 0.1 66 0.0
60 9.9 43 9.8 37 9.7 49 9.6 85 9.5 31 9.4 83 9.3 15 9.2 67 9.1 20 9.0 63 8.9 71 8.8 29 8.7 57 8.6 8 8.5 69 8.4 34 8.3 5 8.2 16 8.1 66 8.0 21 7.9 45 7.8 80 7.7 23 7.6 32 7.5 51 7.4 30 7.3 10 7.2 56 7.1 12 7.0 11 6.9 24 6.8 87 6.7 14 6.6 55 6.5 88 6.4 82 6.3 58 6.2 65 6.1 86 5.9 6 5.8 77 5.6 81 5.5 47 5.4 22 5.3 59 5.1 18 4.9 7 4.8 74 4.7 1 4.6 73 4.5 33 4.4 72 4.3 53 4.1 2 4.0 35 3.9 4 3.7 27 3.6 17 3.5 54 3.4 64 3.3 62 3.2 25 3.1 19 3.0 26 2.9 50 2.8 89 2.7 78 2.6 28 2.5 52 2.3 61 2.2 9 2.0 70 1.9 79 1.8 36 1.7 44 1.6 41 1.5 46 1.4 42 1.3 90 1.2 75 1.1 40 1.0 48 0.8 38 0.7 3 0.5 13 0.4 39 0.3 84 0.2 68 0.1 76 0.0
17 9.9 48 9.8 3 9.6 25 9.5 57 9.3 78 9.2 24 9.1 68 9.0 60 8.9 6 8.8 63 8.7 21 8.6 30 8.5 53 8.3 33 8.2 41 8.1 47 8.0 89 7.9 79 7.8 22 7.7 40 7.6 49 7.4 80 7.3 84 7.2 1 7.1 43 7.0 37 6.9 45 6.8 38 6.7 26 6.6 65 6.5 82 6.4 31 6.3 5 6.2 58 6.1 69 6.0 59 5.9 67 5.8 35 5.6 56 5.5 10 5.4 16 5.3 9 5.2 55 5.1 54 5.0 2 4.9 23 4.8 73 4.7 7 4.6 61 4.5 85 4.4 46 4.3 18 4.2 86 4.1 32 4.0 11 3.9 19 3.8 75 3.7 72 3.5 87 3.4 14 3.2 81 3.1 74 3.0 34 2.9 28 2.8 88 2.6 36 2.5 39 2.4 12 2.2 62 2.1 83 2.0 15 1.9 64 1.8 76 1.7 77 1.6 13 1.5 90 1.4 66 1.3 52 1.2 50 1.1 20 1.0 42 0.9 27 0.7 4 0.6 8 0.5 71 0.4 44 0.3 51 0.2 70 0.1 29 0.0
19 10.0 38 9.9 28 9.8 56 9.7 31 9.6 72 9.5 11 9.4 45 9.3 20 9.2 50 9.1 70 9.0 13 8.9 42 8.8 1 8.7 25 8.6 81 8.5 67 8.4 26 8.3 69 8.2 68 8.1 24 8.0 90 7.9 3 7.7 37 7.6 16 7.5 6 7.4 15 7.3 5 7.2 14 7.1 12 7.0 82 6.9 76 6.8 77 6.7 59 6.6 74 6.5 75 6.4 49 6.2 22 5.9 51 5.7 43 5.6 58 5.4 7 5.3 62 5.2 60 5.1 4 5.0 64 4.9 88 4.7 55 4.6 29 4.5 63 4.4 80 4.3 47 4.1 65 4.0 84 3.9 21 3.8 79 3.6 83 3.5 40 3.4 61 3.3 57 3.2 54 3.1 10 3.0 41 2.9 9 2.8 86 2.7 46 2.6 27 2.5 78 2.4 73 2.3 2 2.2 52 2.1 30 2.0 87 1.9 66 1.8 23 1.7 35 1.6 85 1.5 33 1.4 8 1.3 39 1.2 34 1.1 18 1.0 44 0.9 71 0.8 53 0.7 89 0.5 48 0.4 36 0.3 17 0.2 32 0.0
25 10.0 59 9.8 89 9.7 39 9.6 29 9.5 11 9.4 86 9.3 70 9.2 12 9.1 60 8.9 65 8.8 45 8.7 82 8.6 74 8.5 5 8.4 75 8.3 53 8.1 32 8.0 41 7.9 71 7.8 66 7.7 15 7.6 54 7.5 80 7.4 38 7.3 52 7.2 81 7.1 13 7.0 46 6.9 4 6.8 6 6.7 87 6.6 36 6.5 83 6.4 3 6.2 79 6.1 1 6.0 63 5.8 67 5.7 10 5.6 37 5.5 16 5.4 19 5.3 90 5.2 43 5.1 7 5.0 17 4.9 73 4.7 64 4.6 68 4.5 78 4.4 21 4.3 28 4.2 22 4.1 85 3.9 42 3.8 35 3.7 48 3.6 88 3.5 77 3.4 44 3.3 49 3.2 20 3.1 30 3.0 23 2.9 9 2.8 24 2.7 47 2.6 50 2.5 40 2.4 69 2.3 31 2.1 2 2.0 61 1.9 26 1.7 57 1.6 34 1.5 51 1.4 18 1.2 84 1.1 58 0.9 76 0.8 8 0.7 55 0.6 14 0.5 33 0.4 56 0.3 72 0.2 27 0.1 62 0.0
12 10.0 19 9.8 48 9.7 44 9.6 5 9.5 43 9.4 11 9.3 61 9.2 2 9.0 59 8.9 3 8.8 60 8.7 51 8.6 20 8.5 84 8.4 78 8.3 39 8.2 86 8.1 75 7.8 89 7.7 50 7.6 32 7.4 34 7.3 4 7.1 47 7.0 9 6.9 42 6.8 77 6.7 38 6.6 76 6.5 45 6.4 7 6.3 28 6.2 33 6.1 88 6.0 16 5.9 80 5.8 23 5.7 25 5.6 67 5.5 24 5.4 85 5.3 49 5.2 53 4.9 72 4.7 21 4.6 31 4.5 27 4.4 58 4.3 36 4.2 40 4.1 56 4.0 46 3.9 62 3.8 81 3.7 14 3.6 17 3.5 82 3.4 63 3.3 87 3.1 52 3.0 55 2.9 68 2.8 69 2.7 83 2.6 37 2.5 10 2.4 57 2.3 18 2.2 8 2.1 26 2.0 41 1.9 13 1.8 6 1.7 65 1.6 54 1.5 29 1.4 66 1.3 70 1.2 15 1.1 1 1.0 64 0.9 22 0.8 71 0.7 35 0.6 79 0.5 74 0.4 30 0.3 73 0.2 90 0.1
77 9.9 31 9.8 53 9.7 40 9.6 75 9.5 21 9.4 79 9.3 20 9.2 85 9.1 71 9.0 62 8.9 8 8.8 86 8.7 2 8.6 10 8.5 69 8.4 28 8.3 57 8.2 5 8.1 4 8.0 32 7.8 54 7.7 48 7.6 44 7.5 38 7.4 30 7.2 39 7.1 78 7.0 41 6.9 51 6.8 60 6.6 42 6.5 89 6.4 35 6.3 13 6.2 33 6.1 82 6.0 17 5.9 16 5.7 18 5.6 76 5.5 70 5.4 26 5.3 14 5.2 61 5.1 11 5.0 55 4.9 68 4.8 58 4.7 45 4.5 6 4.4 27 4.3 64 4.2 59 4.1 25 4.0 66 3.9 81 3.6 90 3.5 29 3.4 1 3.3 36 3.2 24 3.1 12 2.9 47 2.8 74 2.7 46 2.6 56 2.5 3 2.4 43 2.3 67 2.2 37 2.1 23 2.0 15 1.9 73 1.8 34 1.7 22 1.6 88 1.5 52 1.4 7 1.3 50 1.2 87 1.1 63 1.0 9 0.9 80 0.8 84 0.7 65 0.6 83 0.5 49 0.2 72 0.1 19 0.0
81 10.0 3 9.9 9 9.8 42 9.7 22 9.6 80 9.5 70 9.4 89 9.3 83 9.2 85 9.1 41 9.0 88 8.9 86 8.8 1 8.7 7 8.6 26 8.5 17 8.4 18 8.3 44 8.2 84 8.0 63 7.9 13 7.8 68 7.7 67 7.6 30 7.4 8 7.3 47 7.2 73 7.1 57 7.0 56 6.9 69 6.8 46 6.7 38 6.6 74 6.5 21 6.4 76 6.3 25 6.2 87 6.1 31 6.0 45 5.8 33 5.7 51 5.6 32 5.5 10 5.4 71 5.3 54 5.2 23 5.1 49 5.0 90 4.9 43 4.8 24 4.7 16 4.6 48 4.5 78 4.3 66 4.2 28 4.1 77 3.9 15 3.8 58 3.7 37 3.6 82 3.5 5 3.4 2 3.3 50 3.2 72 3.1 4 3.0 39 2.7 53 2.5 12 2.4 29 2.2 11 2.1 60 2.0 59 1.9 27 1.8 14 1.7 6 1.6 61 1.5 52 1.4 34 1.2 64 1.1 19 1.0 20 0.8 35 0.7 40 0.6 65 0.5 36 0.4 79 0.3 75 0.2 55 0.1 62 0.0
21 10.0 60 9.9 5 9.8 45 9.7 79 9.6 15 9.5 22 9.4 14 9.3 9 9.2 11 9.1 31 9.0 74 8.9 28 8.8 59 8.7 64 8.6 40 8.5 38 8.4 86 8.3 75 8.2 12 8.1 89 8.0 77 7.9 19 7.8 50 7.7 84 7.6 16 7.3 2 7.2 53 7.1 87 7.0 27 6.9 32 6.8 46 6.7 63 6.6 37 6.5 3 6.4 49 6.3 18 6.2 26 6.1 72 6.0 29 5.9 30 5.8 58 5.7 82 5.5 56 5.4 83 5.2 24 5.1 65 4.9 47 4.8 85 4.7 62 4.6 57 4.5 13 4.4 44 4.3 80 4.2 10 4.1 54 4.0 20 3.9 23 3.8 70 3.7 68 3.6 88 3.5 25 3.3 76 3.2 67 3.1 73 3.0 35 2.8 8 2.6 4 2.5 6 2.4 41 2.3 61 2.2 71 2.1 36 2.0 7 1.9 43 1.8 17 1.7 48 1.5 66 1.4 39 1.3 34 1.2 1 1.1 69 0.9 51 0.8 81 0.6 78 0.5 52 0.4 90 0.3 42 0.2 33 0.1 55 0.0
5 10.0 86 9.9 62 9.8 11 9.7 24 9.6 40 9.4 53 9.2 88 9.1 3 9.0 31 8.9 1 8.8 80 8.7 16 8.6 13 8.5 45 8.4 30 8.3 87 8.2 23 8.1 22 8.0 8 7.9 43 7.8 52 7.7 27 7.6 84 7.5 37 7.4 10 7.3 9 7.1 21 7.0 7 6.9 15 6.8 4 6.7 89 6.5 63 6.4 38 6.3 35 6.2 49 6.1 20 6.0 50 5.9 32 5.8 58 5.7 67 5.6 76 5.5 66 5.4 34 5.3 55 5.2 48 5.1 78 5.0 51 4.9 57 4.8 56 4.7 61 4.6 77 4.4 46 4.3 60 4.2 42 4.1 25 4.0 85 3.9 81 3.8 47 3.7 79 3.6 36 3.5 90 3.4 19 3.3 59 3.2 33 3.1 74 3.0 71 2.9 2 2.8 75 2.7 68 2.6 6 2.5 70 2.4 29 2.2 83 2.1 28 1.9 17 1.8 54 1.6 65 1.5 14 1.4 26 1.3 41 1.2 72 1.0 18 0.9 39 0.8 64 0.6 82 0.5 12 0.4 69 0.2 73 0.1 44 0.0
27 10.0 49 9.9 10 9.8 77 9.7 61 9.6 5 9.5 50 9.3 58 9.2 42 9.1 67 9.0 29 8.8 57 8.7 85 8.6 14 8.5 16 8.4 37 8.3 6 8.1 31 8.0 84 7.9 7 7.8 88 7.7 19 7.6 52 7.5 83 7.4 72 7.2 3 7.1 87 7.0 28 6.9 75 6.8 40 6.7 32 6.6 39 6.5 74 6.4 70 6.3 11 6.2 20 6.1 90 6.0 36 5.9 2 5.8 13 5.7 43 5.6 15 5.5 86 5.4 44 5.3 26 5.2 23 5.1 47 5.0 63 4.9 17 4.8 53 4.7 82 4.6 48 4.5 76 4.4 34 4.3 33 4.2 4 4.1 68 3.9 56 3.8 24 3.7 9 3.6 62 3.5 80 3.4 35 3.3 81 3.2 60 2.9 73 2.8 25 2.7 78 2.6 59 2.5 21 2.4 18 2.3 12 2.2 71 2.1 46 2.0 65 1.9 41 1.8 54 1.7 30 1.6 55 1.5 1 1.4 69 1.3 22 1.2 66 1.1 79 0.9 38 0.7 64 0.6 89 0.5 8 0.4 51 0.1 45 0.0
15 10.0 11 9.9 73 9.8 65 9.7 25 9.6 26 9.5 86 9.4 9 9.3 7 9.2 53 9.1 5 9.0 52 8.9 8 8.6 16 8.5 1 8.4 87 8.3 41 8.2 85 8.1 33 8.0 17 7.9 6 7.8 28 7.7 4 7.6 88 7.5 48 7.3 50 7.2 22 7.1 75 7.0 44 6.8 29 6.7 83 6.6 38 6.4 21 6.3 45 6.2 51 6.1 72 6.0 62 5.9 37 5.8 18 5.7 68 5.6 77 5.4 32 5.3 61 5.1 34 4.9 82 4.8 81 4.7 20 4.6 57 4.5 12 4.4 47 4.3 67 4.2 63 4.0 23 3.9 35 3.8 71 3.7 84 3.6 66 3.5 58 3.4 60 3.3 69 3.2 14 3.1 30 3.0 36 2.9 64 2.8 31 2.7 56 2.6 46 2.5 43 2.4 27 2.3 55 2.2 70 2.1 2 2.0 89 1.9 39 1.8 24 1.7 3 1.6 49 1.5 59 1.4 74 1.3 40 1.1 79 1.0 19 0.9 78 0.7 76 0.6 80 0.5 10 0.4 13 0.3 90 0.2 54 0.1 42 0.0
