5000
16 30 33
82 41 49
96 54 0
42 6 19
53 37 37
48 32 38
82 32 6
97 25 57
73 50 33
32 23 37
82 51 5
26 7 36
32 19 16
73 51 11
73 31 28
23 4 5
87 54 33
30 16 44
0 27 5
52 13 47
34 8 58
85 45 49
85 7 51
51 1 26
8 10 14
64 32 28
11 53 38
58 48 46
46 52 4
76 48 8
83 23 47
78 39 59
5 39 35
21 58 35
93 13 55
94 34 46
34 4 57
89 37 48
50 17 25
53 28 26
91 17 4
16 51 31
38 25 8
22 44 6
52 4 45
54 51 46
74 19 41
33 15 28
94 32 3
50 38 30
86 29 11
82 12 13
76 47 31
48 21 4
86 18 35
11 40 48
21 44 10
68 24 4
49 41 29
7 52 48
83 26 17
59 53 55
0 49 36
0 3 36
88 48 6
0 42 47
57 59 2
12 17 9
78 29 44
77 26 39
27 31 36
28 30 18
40 26 54
31 4 9
91 19 49
58 46 5
61 46 17
65 53 55
33 41 18
76 1 2
32 49 34
10 49 25
80 52 56
18 41 4
75 18 11
10 48 22
88 35 7
2 26 45
5 40 16
37 59 38
8 37 5
79 31 46
58 59 36
19 46 9
65 10 18
41 47 24
10 33 58
77 33 51
44 44 38
61 54 24
1 30 43
94 38 30
11 20 52
77 28 20
85 48 2
28 3 58
26 25 21
55 36 36
25 58 10
67 2 55
24 49 1
69 28 59
51 44 33
35 27 32
91 10 49
38 4 2
58 54 58
4 38 43
27 0 42
92 34 31
36 26 52
91 38 15
2 58 56
2 41 33
79 49 41
52 17 9
18 45 53
34 16 34
27 7 8
29 41 33
13 21 9
32 41 14
67 44 46
23 0 27
51 37 15
3 46 37
78 45 2
72 15 44
20 37 56
73 56 35
6 50 13
94 5 24
68 19 35
71 18 21
30 19 20
4 56 11
89 53 50
35 33 41
80 41 11
82 27 30
83 16 38
65 10 11
4 17 59
96 34 13
86 25 38
77 46 36
20 55 48
4 35 10
65 56 57
18 9 36
3 46 28
46 34 4
49 44 4
20 57 24
91 45 49
63 10 7
51 46 40
8 56 40
66 30 19
60 10 36
71 51 2
59 51 37
87 30 39
76 42 38
62 48 5
46 10 59
71 15 2
70 47 36
91 56 45
28 8 37
94 7 49
68 16 27
55 58 33
33 57 48
27 38 9
72 53 50
87 21 24
82 50 15
16 0 33
92 6 11
11 49 0
74 18 0
82 49 40
23 42 28
1 31 27
7 38 5
57 24 27
60 29 18
80 33 9
14 28 0
90 6 11
68 36 54
13 16 18
11 10 12
38 21 28
98 55 19
84 48 53
7 14 8
61 54 4
55 26 36
31 50 40
31 50 18
24 39 21
92 50 29
93 25 20
89 13 31
20 5 25
12 57 31
91 23 4
49 55 11
74 17 43
52 18 55
47 55 16
34 50 10
29 7 9
84 29 55
66 8 31
62 58 37
45 10 49
88 41 14
35 31 35
75 38 14
29 5 53
73 6 59
71 20 17
24 31 42
42 24 49
61 1 1
61 48 19
13 26 12
60 15 30
44 10 42
57 4 37
43 29 14
21 2 35
57 27 38
74 6 29
31 17 11
89 57 26
42 45 52
63 22 39
97 47 24
29 5 9
42 43 18
58 49 46
90 26 11
56 57 51
98 57 15
3 47 54
43 22 26
96 47 11
35 43 41
2 39 23
54 33 26
14 9 31
2 1 53
29 14 46
50 42 53
72 43 5
81 42 9
0 40 4
50 56 55
67 29 6
57 36 26
28 11 19
84 46 51
33 45 43
90 45 46
46 52 15
10 6 45
75 39 49
96 39 4
33 29 13
69 45 30
4 8 54
75 1 4
94 54 3
87 48 56
4 28 18
34 53 13
76 2 58
21 21 18
70 53 37
50 24 35
74 36 56
88 2 7
95 32 45
50 55 58
22 1 9
37 51 11
38 52 2
85 46 35
78 14 2
55 14 42
97 24 20
23 8 2
21 59 56
51 49 38
32 11 41
18 2 34
97 31 0
70 18 16
10 18 27
26 7 24
2 57 30
4 4 28
36 48 9
22 16 2
49 55 8
21 29 1
19 34 28
92 38 4
38 10 50
90 47 40
44 0 37
96 11 41
72 0 54
29 57 32
83 22 34
34 27 23
41 9 7
81 50 22
59 19 25
55 59 53
16 13 14
33 40 31
51 19 51
18 3 15
41 34 8
25 58 2
73 51 44
34 32 4
11 20 24
9 30 47
41 18 13
21 47 53
18 43 44
10 14 34
94 54 33
21 10 24
15 53 2
0 39 54
86 10 45
93 12 57
39 1 23
24 4 35
7 29 38
60 53 36
7 30 9
62 11 28
34 46 50
11 32 35
76 47 28
61 28 10
27 2 51
55 30 4
88 18 54
6 23 50
90 59 0
22 39 38
57 25 5
96 13 38
15 21 58
87 9 40
41 54 3
12 4 37
61 12 33
73 35 3
80 47 14
96 53 0
67 33 18
75 34 38
42 33 34
34 20 4
50 11 55
37 19 35
71 49 58
0 38 23
93 48 32
67 21 48
53 53 47
0 8 30
12 51 43
31 10 34
59 30 22
89 53 12
93 58 7
15 26 1
23 34 48
67 40 5
98 57 56
34 51 0
14 15 40
45 46 59
53 29 29
61 16 36
61 55 40
23 2 37
0 25 24
49 5 1
3 33 13
84 40 34
38 30 41
51 0 30
68 17 46
82 38 15
90 39 15
7 32 40
56 27 12
68 26 13
14 52 13
50 10 16
77 47 36
66 55 40
2 35 8
59 26 11
42 42 37
37 47 50
37 40 37
98 58 33
45 6 40
66 57 20
62 58 40
1 56 13
89 2 44
33 15 53
28 59 21
78 56 51
54 12 47
92 34 56
30 18 9
5 3 32
8 45 23
76 42 0
29 37 19
56 19 41
60 36 33
15 25 45
2 39 20
62 26 35
46 35 25
10 46 16
23 35 52
34 19 50
59 34 43
42 55 29
94 26 56
24 10 17
86 24 21
77 58 18
61 51 24
25 45 51
10 54 51
87 0 19
24 42 41
8 47 11
32 44 34
49 1 11
50 27 5
89 9 38
61 50 10
52 28 35
32 4 51
2 6 22
84 30 37
21 56 24
46 44 47
37 30 27
19 5 53
43 54 47
10 24 20
71 50 59
79 19 7
16 2 38
81 29 28
65 52 16
69 52 40
6 15 40
17 52 8
46 47 45
85 49 48
9 33 54
74 6 17
73 40 52
66 58 9
69 48 45
63 36 28
86 15 20
21 8 19
78 11 59
85 56 1
91 35 12
71 27 26
64 23 35
71 3 25
83 36 41
68 48 40
26 11 24
78 43 7
40 33 3
4 51 24
71 44 52
95 7 52
22 3 30
49 46 10
63 50 12
67 41 1
61 37 7
49 10 38
38 26 57
45 53 51
84 51 31
91 18 28
95 26 26
97 31 31
44 57 54
22 52 46
15 45 2
45 8 47
76 59 3
25 35 47
16 49 36
70 40 17
33 13 15
79 32 44
10 58 57
34 52 11
38 43 45
0 10 45
61 3 18
2 55 33
94 27 59
14 29 25
4 4 25
69 3 15
84 17 26
27 2 2
23 59 2
66 44 2
1 43 13
40 8 8
19 3 41
52 1 25
64 42 28
80 3 23
79 44 28
54 27 34
1 46 10
38 8 30
49 25 9
2 2 40
14 18 47
82 38 56
98 34 41
80 28 32
44 39 47
78 0 25
46 44 11
79 47 18
20 36 35
88 54 14
23 25 59
40 44 10
64 19 7
91 37 20
75 57 14
35 18 26
47 54 30
95 13 38
43 0 40
20 57 31
35 22 0
22 55 47
88 33 33
48 36 3
30 54 10
16 8 45
18 13 12
84 15 28
68 56 40
24 25 5
52 35 0
78 58 13
68 45 5
74 37 2
96 47 12
28 18 20
54 12 24
24 49 43
94 50 43
49 7 40
70 52 6
64 16 13
78 1 51
29 45 55
23 39 43
84 42 35
48 54 8
11 48 15
5 58 34
37 43 22
85 21 2
54 36 27
49 18 22
91 16 42
4 2 2
52 34 40
66 46 40
63 26 37
89 44 58
50 4 16
18 17 51
57 30 43
53 0 58
9 18 15
3 33 13
20 19 22
11 57 32
23 29 24
36 36 58
23 49 43
11 38 39
90 51 39
87 5 58
35 23 8
71 23 26
36 45 15
88 39 10
27 43 47
19 44 42
46 3 28
22 38 34
37 40 38
29 10 19
55 30 44
28 34 33
55 36 50
51 18 3
47 19 32
56 34 0
92 42 5
25 42 13
57 38 0
98 7 42
5 46 40
98 19 53
64 8 29
89 40 49
63 17 30
33 27 31
49 5 14
35 42 6
8 30 59
78 12 41
37 10 11
98 35 5
27 7 27
22 55 10
87 28 24
88 38 44
78 57 38
97 25 0
88 4 1
42 45 13
36 36 33
18 53 18
43 36 31
82 57 21
64 49 53
68 48 17
81 13 43
5 56 51
29 38 28
14 38 27
70 12 53
61 21 39
80 51 17
69 47 12
23 34 48
47 58 2
92 26 23
14 57 36
14 57 53
30 33 39
31 11 38
87 26 16
9 15 49
79 20 52
35 29 4
64 30 41
45 15 16
84 43 3
87 37 53
1 27 25
46 6 8
84 22 3
1 17 23
91 12 48
77 48 4
86 44 29
58 14 22
6 45 38
44 11 35
92 59 52
4 10 51
22 39 23
49 20 52
33 34 46
91 36 57
90 0 35
15 9 0
30 52 49
39 15 44
94 52 42
5 56 0
72 37 5
35 5 10
33 18 48
60 2 10
74 9 54
54 17 6
95 5 22
93 16 40
22 22 26
9 46 4
8 5 33
5 26 32
71 26 9
41 44 47
49 0 33
62 56 0
56 5 18
57 3 3
10 21 34
89 56 2
3 31 5
41 37 52
95 56 8
65 58 30
75 58 58
20 9 19
76 37 47
94 34 30
40 2 32
9 18 22
44 33 33
31 43 57
63 21 1
59 38 35
0 34 15
55 14 14
74 48 37
22 4 18
61 44 27
83 45 31
47 20 10
42 51 22
38 5 12
36 6 41
54 25 18
49 28 1
0 36 0
93 54 10
53 45 29
55 4 38
41 1 22
37 8 44
76 57 11
53 3 39
76 27 39
55 15 14
92 10 21
2 33 41
71 0 46
81 38 45
96 42 55
6 17 53
55 34 33
63 51 21
3 49 28
12 51 16
70 44 41
92 15 6
82 41 16
37 27 39
46 50 16
70 51 14
42 23 32
34 37 6
89 23 23
62 41 59
70 8 48
81 54 0
47 0 49
0 55 38
34 34 14
69 59 47
13 44 19
12 26 17
42 28 37
70 38 5
96 20 8
47 36 52
38 48 35
41 12 39
28 47 17
28 20 26
19 55 15
74 25 7
58 37 0
54 25 34
82 50 24
74 59 17
16 27 19
47 25 31
42 11 55
1 43 56
5 40 7
20 26 2
33 34 39
90 44 33
98 17 22
13 54 2
87 24 38
65 56 8
59 21 14
18 2 36
5 58 30
87 46 26
68 34 57
74 21 5
65 46 42
72 10 20
87 40 49
22 44 31
57 9 27
13 0 44
80 31 38
58 15 21
73 30 48
42 25 7
81 40 4
72 55 37
47 1 51
85 4 20
14 5 25
67 4 58
57 48 45
22 39 13
92 10 18
12 25 34
10 5 22
59 38 15
60 31 57
37 20 0
89 0 25
47 50 11
72 31 57
72 39 16
43 31 34
69 47 26
75 0 2
81 51 21
85 0 40
63 27 24
72 56 31
49 47 46
26 22 27
7 26 25
54 5 48
37 8 13
34 54 40
76 42 52
37 38 58
3 44 11
2 24 27
46 49 8
40 48 44
93 58 32
65 48 20
51 58 23
47 0 46
2 13 19
24 45 44
26 13 39
67 50 36
11 3 43
48 25 33
64 3 44
76 55 1
89 23 38
15 31 39
49 54 24
62 46 45
37 6 48
63 28 27
42 5 18
71 46 44
60 17 18
39 54 31
60 2 11
71 16 58
3 42 5
2 43 42
44 18 21
51 18 1
65 47 53
85 59 31
7 31 32
95 48 44
29 41 12
14 40 18
74 37 41
64 51 49
84 41 25
98 16 31
68 41 20
15 29 47
91 13 14
34 58 20
62 38 51
46 15 17
7 54 21
54 18 1
89 19 1
63 17 30
78 39 25
17 21 36
24 51 1
80 32 31
97 27 38
87 24 50
30 6 49
91 9 8
33 42 43
44 10 0
86 57 39
17 48 46
4 52 35
88 47 30
77 6 55
11 4 27
25 6 2
84 12 55
41 54 7
16 9 34
18 2 14
14 42 29
32 10 23
24 15 17
75 38 56
14 37 8
30 21 17
41 42 49
25 7 20
49 57 1
39 33 26
20 40 3
47 52 56
74 14 57
47 41 5
79 5 43
89 15 32
78 54 45
57 40 47
52 29 24
81 8 27
90 14 24
91 50 10
97 17 59
87 8 18
49 54 3
17 18 27
72 17 10
30 1 45
15 12 3
52 27 3
78 47 26
46 23 19
2 2 33
70 40 37
25 18 42
97 22 3
84 5 35
84 29 49
55 56 44
52 19 36
82 38 39
43 57 14
80 19 8
98 51 23
8 48 17
35 15 10
2 20 8
18 42 23
56 27 43
62 37 59
38 3 9
33 42 11
41 42 28
89 37 55
46 16 58
87 16 47
75 3 18
50 4 37
38 14 33
44 51 14
76 3 7
75 53 34
92 20 19
81 18 10
22 1 44
92 41 43
61 41 52
43 12 56
0 57 49
72 24 11
42 35 12
91 42 50
81 7 59
47 24 23
55 5 31
97 33 24
86 6 46
50 59 3
37 6 6
98 1 8
58 0 31
43 19 27
53 1 58
44 39 47
47 55 34
38 2 0
78 0 25
59 41 50
52 5 2
59 51 32
72 18 45
41 27 22
51 36 21
24 32 1
34 28 51
91 50 21
48 48 5
83 5 16
59 33 29
90 13 33
31 47 42
24 36 10
75 32 53
20 49 2
19 11 13
69 40 49
75 4 33
48 24 32
12 5 36
92 49 39
97 44 50
59 59 32
76 48 21
0 7 22
29 6 29
93 28 33
90 30 31
39 49 12
62 41 47
5 38 23
87 58 49
4 21 37
61 41 55
97 1 50
52 12 0
65 38 24
23 37 18
37 41 27
30 0 16
34 49 54
13 3 40
67 10 44
15 15 14
18 48 18
2 44 15
8 25 1
31 10 35
55 51 2
8 51 0
11 5 19
73 49 9
95 19 31
12 57 13
35 13 37
50 58 12
56 34 13
19 53 54
21 15 13
39 33 10
34 11 37
65 35 8
46 11 6
27 51 7
19 7 57
64 29 44
86 2 16
56 0 1
92 43 52
34 54 40
23 49 18
63 37 10
37 47 2
34 5 42
49 0 47
42 32 47
0 20 34
19 45 37
40 15 3
79 15 47
2 25 10
66 37 33
59 54 26
81 50 25
70 35 22
86 32 34
49 34 36
64 36 11
19 24 9
45 55 27
75 54 57
5 4 36
39 36 23
5 0 32
67 6 1
12 29 26
34 27 4
29 33 15
80 28 16
77 10 35
23 29 2
53 24 18
95 10 5
45 22 13
93 32 53
21 28 45
55 12 50
33 25 33
17 35 55
42 47 3
65 11 14
32 1 21
70 30 18
84 24 31
18 14 29
26 7 3
36 32 1
96 11 31
24 24 6
83 10 7
27 12 21
25 55 36
47 51 53
72 47 20
61 12 44
69 16 58
73 46 30
7 44 18
81 14 31
53 18 46
14 49 56
43 36 59
59 42 31
31 35 44
51 47 49
35 44 43
95 6 7
86 8 47
0 19 19
51 49 53
5 45 43
10 41 47
52 21 59
87 44 33
61 38 7
87 24 11
40 34 3
10 24 37
10 56 20
44 15 5
68 12 39
87 14 59
36 58 57
42 48 9
22 45 37
38 6 0
45 24 51
39 27 33
19 47 12
74 31 23
16 15 36
8 9 9
61 35 8
25 35 35
82 53 15
85 7 3
93 12 34
89 36 48
6 49 44
15 48 18
34 8 29
2 1 48
82 43 54
66 7 41
78 34 26
21 52 11
83 51 45
20 30 28
70 40 12
7 2 23
80 46 47
34 41 54
3 49 34
42 38 47
2 18 40
16 46 0
7 38 19
6 34 16
5 15 6
75 6 40
52 40 35
15 48 25
24 10 5
1 5 4
75 29 16
63 47 0
3 41 56
98 52 30
7 8 5
19 28 26
17 5 27
70 31 27
45 11 54
73 13 27
10 13 10
85 52 12
17 50 47
74 22 55
77 9 5
72 36 6
43 20 15
98 1 28
35 24 47
35 45 26
54 8 11
72 58 10
91 27 57
0 15 57
77 2 49
8 27 58
93 51 9
14 50 7
26 25 15
53 1 18
55 3 6
13 43 38
32 5 54
47 13 18
44 15 18
65 11 41
73 20 9
10 21 11
18 9 31
29 40 55
44 54 59
62 59 37
48 58 57
74 25 17
61 5 33
57 6 34
45 17 12
68 22 12
68 14 15
31 44 27
75 8 39
48 1 29
90 28 20
76 20 26
93 55 9
79 0 3
7 38 11
76 44 34
44 39 31
19 50 10
33 56 48
93 27 57
27 45 57
67 28 6
44 14 49
93 39 40
88 18 39
30 29 49
97 58 29
64 13 48
26 2 0
78 6 11
16 2 32
40 50 17
84 21 16
18 26 53
49 55 55
10 10 51
26 10 20
50 48 17
54 21 23
52 56 16
88 31 34
61 8 43
29 14 15
33 46 25
59 9 58
6 51 6
13 48 18
39 21 4
59 44 48
46 8 50
96 25 38
14 14 16
64 36 1
69 22 50
82 54 54
73 58 46
46 59 2
85 8 41
93 55 12
18 6 43
35 10 21
30 28 29
53 49 19
4 44 12
56 53 22
0 39 22
22 45 55
60 21 5
77 15 47
17 59 44
17 32 15
69 16 43
3 56 57
15 52 24
75 27 46
55 36 42
45 38 54
29 42 33
76 37 8
64 47 46
70 58 28
71 2 54
91 38 14
44 12 3
9 2 43
84 53 22
55 50 30
47 48 48
0 45 43
55 25 46
69 52 48
62 48 24
23 22 35
95 42 12
53 14 40
68 54 32
44 16 26
65 37 32
82 53 37
54 15 27
6 42 36
71 55 47
20 37 10
90 6 9
97 8 53
45 53 7
48 29 47
33 34 37
79 0 5
59 17 39
93 0 46
36 51 54
36 15 20
21 9 10
23 5 24
66 17 50
61 34 36
88 22 51
5 31 34
38 19 11
59 44 25
27 5 51
65 5 55
52 9 24
81 34 42
85 52 1
0 10 3
44 20 30
66 14 52
69 59 30
89 53 15
76 51 6
1 41 5
19 30 45
11 43 7
80 53 45
8 57 57
51 50 55
27 34 16
30 58 42
33 42 8
31 2 5
87 6 7
73 59 59
26 27 37
65 34 31
30 9 53
7 56 47
92 41 17
48 32 25
61 5 21
14 15 55
98 15 43
90 51 59
8 6 23
20 1 29
5 40 41
66 58 26
9 39 45
51 43 4
29 58 43
48 27 17
54 3 21
38 39 49
24 7 59
63 24 58
85 59 55
98 54 10
64 53 9
27 12 10
83 40 16
62 30 55
19 35 19
98 44 38
60 50 41
77 33 56
34 34 37
26 41 12
49 3 2
51 55 30
92 6 40
80 36 3
14 27 51
21 56 36
6 53 15
11 27 45
6 5 11
65 47 26
93 19 52
42 20 0
58 55 25
26 6 40
92 26 43
93 18 8
65 7 41
69 5 41
91 47 39
66 13 53
41 35 54
63 26 29
49 2 15
27 22 58
42 4 35
30 7 13
87 7 39
35 18 26
4 45 43
36 44 2
76 35 56
33 11 50
6 49 56
50 16 44
87 50 4
41 27 16
30 23 41
13 44 4
6 38 9
10 37 3
59 0 44
63 31 47
24 52 42
94 44 59
78 37 54
63 49 59
93 4 28
44 43 40
20 58 26
64 42 7
21 55 54
2 36 51
68 15 53
86 16 43
75 49 9
92 36 17
21 19 30
43 37 5
57 30 36
56 22 24
43 4 26
37 31 38
19 29 27
5 41 45
63 3 24
49 32 17
87 49 26
86 20 26
4 56 57
31 28 49
5 29 9
85 49 11
24 43 51
39 43 19
32 4 55
42 9 47
31 47 45
46 20 45
67 29 8
75 37 44
91 43 2
39 35 56
65 56 40
70 30 10
24 50 44
39 57 41
79 59 41
10 5 38
4 49 8
83 11 13
38 18 24
49 3 1
51 57 51
53 7 40
96 1 46
76 28 59
93 46 30
2 14 39
9 7 36
73 50 51
49 37 21
88 9 50
8 19 3
39 39 15
75 35 20
62 47 33
61 58 19
66 27 39
48 2 2
11 17 30
39 40 24
16 13 55
86 45 8
37 27 56
13 53 31
13 28 42
49 39 59
87 56 8
46 29 29
31 54 29
89 54 47
68 45 12
92 5 5
37 17 22
88 54 30
30 34 54
58 31 22
43 54 37
18 54 2
16 32 46
28 53 41
30 8 22
19 1 19
98 45 30
47 7 46
37 11 7
31 9 3
18 50 54
26 47 39
52 28 18
61 28 1
8 22 37
19 58 54
50 6 5
54 6 27
57 3 20
79 55 57
79 7 50
62 40 13
57 43 38
41 38 17
27 13 9
74 30 55
56 15 33
85 39 19
30 37 41
16 37 45
46 46 3
95 40 20
61 58 49
59 2 26
85 11 37
8 51 18
56 41 54
70 14 26
14 21 39
92 26 47
80 52 28
81 24 40
80 30 52
36 42 15
97 4 46
81 49 57
90 30 1
55 39 52
60 11 20
75 48 41
16 20 50
57 24 21
1 30 58
96 32 35
72 59 28
79 5 13
7 13 28
13 17 15
49 39 28
77 8 35
25 28 54
30 47 7
80 39 37
8 7 43
65 32 9
69 41 40
42 46 4
53 26 10
7 8 28
57 42 50
1 9 44
81 18 14
19 22 39
70 55 55
76 2 53
39 45 53
33 42 7
81 14 47
98 49 14
92 23 16
45 1 1
8 38 13
38 42 31
65 19 5
16 47 19
22 33 52
22 23 15
96 10 37
59 23 59
9 21 22
28 3 3
1 41 30
94 46 50
71 21 7
43 54 34
50 8 26
33 36 38
67 54 31
3 58 15
41 37 25
94 40 2
69 42 0
31 5 20
7 15 14
56 10 26
79 44 29
49 11 13
26 40 8
11 54 23
19 30 58
77 57 21
96 3 17
82 2 10
10 45 55
91 14 16
49 0 0
98 51 22
5 18 48
94 41 41
59 59 46
67 25 52
86 28 27
2 21 21
79 7 20
11 11 26
64 45 4
21 38 38
10 10 56
73 23 3
49 18 58
36 24 23
81 12 15
86 34 53
93 30 20
10 8 33
44 57 59
14 44 30
77 9 30
5 33 29
54 41 5
15 12 33
71 39 17
87 7 2
78 41 4
68 10 8
21 43 49
29 53 12
86 19 1
42 0 29
45 20 56
49 21 7
78 48 15
49 35 17
94 50 38
80 4 40
42 8 35
68 40 35
19 41 33
86 43 45
76 16 20
62 21 3
14 30 50
24 21 11
51 1 23
9 12 59
34 3 16
12 16 52
34 48 4
81 48 8
62 0 26
69 50 17
27 33 40
27 3 31
6 11 37
45 27 28
80 43 58
95 21 29
24 32 50
93 39 33
41 14 20
44 48 17
67 32 47
53 32 58
61 23 7
64 42 43
82 25 17
55 48 55
64 27 57
44 34 55
66 46 43
13 10 50
29 43 12
0 3 26
55 5 34
37 57 34
60 25 48
49 23 38
35 13 13
67 11 53
97 12 35
20 4 24
65 8 55
21 18 22
95 11 7
15 9 13
57 37 50
57 16 37
75 10 5
18 26 3
55 0 17
23 52 28
19 37 38
45 59 8
77 29 26
48 33 8
66 31 40
48 28 29
17 47 5
19 44 2
8 33 15
48 6 21
63 45 16
64 57 41
23 8 1
13 5 15
77 43 23
13 36 59
85 42 19
76 51 15
79 46 53
44 29 28
10 50 23
60 55 35
61 16 45
36 12 0
25 46 9
89 47 47
49 38 38
97 28 9
11 21 8
44 2 27
4 56 37
16 14 20
81 42 47
77 24 23
72 30 28
91 35 19
95 21 12
14 31 19
71 25 1
79 48 32
3 14 44
17 24 29
23 35 21
87 59 31
0 3 11
86 32 7
68 57 21
46 31 4
43 57 22
40 22 23
89 49 32
85 52 49
5 27 6
52 47 7
30 1 49
10 36 49
66 24 19
70 37 43
21 39 25
55 53 45
78 27 44
23 39 38
59 59 46
2 4 7
54 36 45
53 7 45
26 43 25
23 15 9
88 13 10
79 48 11
49 43 1
17 56 10
5 58 15
95 53 42
14 7 0
72 40 22
84 0 37
33 49 18
2 13 1
74 33 1
29 38 45
5 53 53
86 56 35
42 40 54
46 55 31
7 20 46
22 17 22
89 58 52
5 12 3
19 23 15
93 46 12
40 50 10
25 35 4
55 50 52
44 9 50
69 25 5
89 28 54
73 27 29
18 48 25
9 57 25
64 0 31
67 39 8
81 23 42
41 1 39
9 58 5
65 13 19
92 35 42
23 21 7
14 53 7
93 56 7
96 27 55
87 21 3
87 43 31
53 17 20
72 48 8
63 18 52
21 36 29
84 24 23
85 53 2
85 10 12
13 58 48
97 6 38
46 25 33
65 30 32
86 49 54
2 40 44
96 48 21
1 15 30
35 50 25
74 21 34
43 45 29
6 20 59
48 5 15
26 13 21
64 25 38
82 47 30
42 57 24
53 37 15
1 48 14
93 27 34
48 54 5
77 2 56
3 52 34
24 36 50
66 34 43
25 11 32
62 35 57
80 11 54
97 57 14
90 41 46
92 32 14
90 21 33
74 16 58
77 9 34
28 11 30
66 37 33
67 32 47
14 4 48
39 42 51
63 29 57
46 32 16
88 34 44
61 18 57
7 37 47
58 57 10
19 36 12
68 38 45
88 30 57
98 47 20
96 40 50
91 2 49
34 41 59
19 53 10
29 32 34
45 23 24
94 39 50
81 17 31
35 22 24
31 39 10
45 37 47
17 37 21
4 11 17
22 57 27
78 12 38
19 9 57
80 59 43
83 28 29
16 0 52
40 51 3
54 42 58
93 14 8
4 14 24
10 45 14
56 7 42
31 23 35
9 44 38
74 10 5
47 16 39
79 44 17
56 38 5
61 46 57
84 34 5
27 41 34
6 39 47
56 6 10
44 23 23
95 17 11
89 14 39
74 53 59
13 17 46
28 17 35
62 0 8
38 41 59
12 36 21
50 35 46
18 58 34
22 12 51
71 36 14
12 11 24
70 16 14
89 24 38
57 31 40
90 43 36
7 45 55
11 46 30
37 41 56
82 18 41
55 33 3
64 8 54
31 14 31
24 50 49
59 14 47
70 45 38
48 59 8
3 34 5
97 38 36
51 26 57
3 3 39
4 26 25
17 35 28
90 50 17
24 6 43
92 32 44
86 59 21
22 21 52
93 7 52
91 8 16
51 58 52
18 17 21
78 36 23
40 21 29
5 29 5
80 7 42
65 57 49
14 1 34
52 42 16
11 40 11
80 16 47
74 49 4
7 59 47
98 12 21
21 35 8
18 41 57
26 19 9
74 55 19
43 59 11
39 4 29
19 57 32
1 4 35
52 34 38
51 44 4
26 39 10
30 33 36
29 50 42
38 5 24
98 11 6
70 45 31
92 25 32
47 52 45
0 51 30
85 38 22
71 6 15
30 50 28
88 0 45
71 26 23
7 44 25
46 12 28
37 3 3
68 55 37
94 43 11
85 1 0
84 57 35
10 38 34
85 37 53
1 11 55
5 0 40
21 28 16
64 56 34
10 53 32
93 14 54
87 36 24
10 14 58
70 12 25
56 37 46
36 13 26
2 9 17
43 22 59
57 36 37
95 27 8
46 2 56
11 46 21
31 20 36
35 31 44
62 14 26
98 48 30
48 13 1
40 22 59
51 25 5
54 25 1
93 19 42
66 53 30
72 29 38
98 10 55
41 18 29
56 46 16
7 27 7
97 45 59
75 39 46
41 51 47
63 24 17
25 32 13
29 20 53
39 34 26
25 30 48
79 13 16
72 41 31
49 27 37
95 7 42
11 35 17
24 40 30
58 46 49
3 53 40
76 24 20
55 45 12
67 22 39
65 30 57
72 26 17
65 28 27
71 9 28
11 28 4
62 51 30
74 27 8
94 0 40
20 26 46
13 12 7
4 47 23
22 3 49
64 11 55
62 51 44
54 37 15
71 59 9
98 50 43
60 42 24
81 19 57
27 25 45
37 31 5
90 26 7
28 0 18
94 26 44
76 38 54
27 1 12
63 7 20
23 50 29
93 8 9
1 37 56
77 54 43
50 35 19
77 36 2
56 18 3
64 57 5
47 44 30
15 1 24
75 58 39
40 3 9
27 13 57
39 43 15
49 19 19
49 41 11
16 31 52
34 32 18
49 27 5
48 13 56
63 58 46
78 28 51
37 1 58
3 59 7
40 1 0
15 44 48
30 50 52
15 56 37
47 50 11
87 56 31
94 18 49
27 16 46
86 43 4
2 16 32
74 1 19
80 49 21
52 29 9
26 15 8
36 6 49
38 40 44
97 45 31
25 21 23
88 48 55
98 14 31
54 50 29
12 41 15
90 8 9
43 41 10
19 51 56
53 4 17
64 40 17
93 12 22
34 52 30
46 53 33
48 58 59
88 21 50
97 24 0
87 13 17
27 28 20
40 33 56
19 12 45
93 35 21
70 50 20
96 17 33
32 2 20
70 34 19
43 11 31
68 0 11
93 9 20
25 26 54
92 52 19
65 26 48
63 24 33
35 52 11
45 31 23
63 49 53
22 42 13
38 2 9
4 58 26
20 21 56
25 56 31
21 52 13
52 12 32
47 22 43
7 53 5
58 50 26
39 7 22
88 47 52
44 11 34
46 5 20
24 22 23
89 15 39
29 8 46
51 43 38
60 18 28
20 51 51
41 41 7
16 39 54
39 44 42
37 17 21
65 30 52
10 37 19
55 43 18
55 1 38
9 50 3
6 56 54
79 58 46
54 8 12
15 52 50
79 48 55
2 45 32
21 53 40
25 10 5
61 46 14
54 7 43
68 51 31
91 37 53
97 44 48
26 23 39
37 14 45
79 15 19
46 38 40
50 1 55
12 46 23
94 55 44
62 41 55
36 20 42
8 45 35
42 7 7
89 29 2
62 10 6
10 18 48
57 6 55
74 24 48
60 3 33
93 11 26
50 21 24
80 0 39
14 35 20
13 16 11
44 30 44
58 41 46
94 57 23
74 24 52
91 3 44
13 6 50
4 21 41
48 26 51
50 50 37
82 23 8
79 46 7
42 50 17
63 0 42
79 32 59
14 8 23
2 18 52
2 58 41
50 55 45
6 6 56
18 52 12
18 43 3
30 30 9
72 24 31
88 37 14
51 7 46
84 12 27
54 7 10
15 53 41
36 16 31
40 51 8
34 20 51
76 47 7
91 18 42
48 15 22
73 8 41
36 36 21
7 43 40
85 58 26
97 31 31
24 32 20
10 11 28
15 22 39
37 2 10
86 41 29
64 55 0
49 44 25
61 3 7
98 1 11
8 44 48
20 16 57
96 16 59
5 11 11
35 39 30
62 9 30
34 15 30
80 24 30
36 17 2
0 16 17
1 15 39
69 29 2
45 26 2
43 2 15
17 50 21
51 58 49
51 10 28
39 22 18
77 43 37
68 49 56
83 36 15
47 0 25
4 31 39
48 17 24
54 28 9
24 40 26
87 57 58
92 13 38
89 44 38
8 26 40
56 10 22
76 35 37
10 24 54
38 33 39
2 44 39
54 6 12
53 57 0
8 29 16
59 32 51
41 48 10
73 51 27
69 44 41
28 23 16
27 4 55
31 28 37
92 19 7
52 41 0
48 29 49
21 23 56
81 35 20
4 8 55
85 34 10
39 4 1
77 43 51
36 26 46
50 13 34
68 55 27
40 3 37
77 23 17
5 31 54
37 49 25
2 49 23
27 11 1
60 10 48
51 0 14
7 31 56
35 48 25
79 44 56
45 0 51
23 22 32
22 6 5
87 49 43
93 27 53
38 11 39
85 12 5
66 42 30
81 43 55
3 26 15
94 53 50
24 40 47
2 3 19
8 45 38
3 15 22
27 32 52
55 20 13
44 15 46
74 11 24
34 4 49
59 53 32
73 35 10
97 56 50
23 13 56
46 18 2
76 50 21
24 27 57
27 30 35
98 28 1
48 6 16
51 8 46
13 39 33
87 8 15
45 30 4
56 30 6
28 56 49
44 10 5
16 2 28
43 36 26
5 51 17
39 48 39
80 51 6
26 29 29
76 8 14
45 2 1
35 34 56
3 20 36
9 51 41
93 7 17
53 48 10
56 26 46
76 14 9
25 40 52
21 51 43
81 31 31
63 31 58
72 18 28
98 38 52
54 58 18
38 19 2
46 56 17
81 0 33
71 4 15
51 31 54
83 52 1
89 13 0
32 37 44
61 11 7
55 22 26
76 28 7
86 46 59
16 46 9
20 1 13
13 45 39
44 22 49
49 59 15
6 4 24
42 21 39
30 4 27
95 58 26
98 41 50
21 21 32
97 26 52
71 14 9
9 45 58
75 24 55
95 29 20
73 35 5
47 58 51
23 13 55
31 35 12
52 51 20
1 59 34
18 37 57
78 48 4
94 9 11
42 8 41
34 3 34
17 54 36
0 1 16
76 47 35
2 20 57
70 40 13
80 2 7
0 16 28
71 10 32
51 7 41
92 30 47
40 36 12
32 41 56
59 15 31
51 51 29
52 44 38
18 16 11
98 58 57
65 56 37
93 5 34
66 0 55
31 35 12
59 17 51
72 31 1
84 37 38
82 46 21
70 49 42
89 23 53
45 20 15
14 52 28
44 34 35
84 5 15
54 0 21
1 30 54
59 39 28
18 18 9
62 24 22
60 58 33
34 59 22
7 46 9
14 15 10
89 12 20
32 11 45
13 35 55
60 28 41
55 31 19
18 38 54
20 30 5
34 57 54
77 10 28
32 45 31
91 53 43
98 54 25
91 32 23
82 6 5
94 11 36
44 21 23
91 40 18
62 24 8
49 29 31
29 4 7
42 35 30
96 19 14
27 58 14
62 44 49
33 10 22
60 4 5
64 9 4
51 44 32
33 31 51
42 25 5
68 26 20
13 32 19
59 10 7
88 37 44
53 2 49
62 41 27
42 43 36
61 41 42
46 49 38
19 28 39
80 38 59
53 32 40
59 19 24
28 55 44
88 29 51
60 30 13
17 16 49
38 25 17
96 41 25
25 38 28
36 9 59
4 14 50
30 41 48
87 55 6
71 38 25
83 20 25
98 57 9
12 38 55
96 39 10
38 22 14
69 16 37
71 2 33
67 0 35
69 43 45
87 8 53
11 19 39
12 39 59
33 34 21
71 22 19
49 7 46
42 17 46
42 19 26
33 18 53
31 37 55
19 57 54
27 49 27
19 59 12
39 27 31
92 46 46
96 29 18
2 22 28
22 54 56
18 33 3
82 58 58
74 55 37
33 36 21
78 56 51
36 5 46
13 31 7
7 23 33
84 21 28
89 1 44
93 32 31
96 22 7
62 40 12
73 6 19
84 15 33
63 37 48
72 7 52
12 36 48
14 38 44
4 40 57
22 29 54
24 3 16
53 36 2
4 19 4
9 50 46
0 9 10
62 53 40
73 22 1
46 23 30
68 41 44
74 47 9
57 50 7
91 15 48
52 44 28
55 56 53
33 59 33
55 55 33
56 42 33
65 39 45
83 44 19
86 53 31
4 17 41
22 4 36
92 14 19
9 44 0
28 38 5
45 34 24
17 34 56
64 29 56
22 49 26
47 34 12
77 10 46
31 22 50
95 5 17
14 24 1
0 42 12
21 28 38
73 36 48
54 48 27
70 18 21
89 10 30
6 40 24
40 15 1
26 12 36
77 17 38
90 12 39
42 4 30
61 16 16
14 56 33
23 41 30
70 1 38
14 8 17
23 4 33
12 40 14
49 7 52
65 47 52
40 32 19
27 42 1
46 48 34
3 39 54
24 10 51
12 55 37
75 49 1
6 10 22
26 32 5
22 21 58
72 16 31
87 55 47
89 29 22
49 46 54
84 23 22
44 21 15
60 12 58
56 7 4
55 33 26
0 21 48
40 35 33
74 36 49
13 26 45
12 11 41
54 21 31
24 4 57
71 10 36
55 56 59
54 45 42
97 14 0
40 30 34
73 5 55
61 30 32
8 26 30
74 32 14
66 49 4
62 9 44
47 49 15
36 24 59
83 16 2
44 42 52
54 13 32
36 29 13
75 37 15
61 2 24
26 20 35
66 20 41
43 36 55
48 13 33
17 32 38
98 26 52
92 36 33
88 10 12
96 10 30
37 52 50
49 36 32
12 18 47
26 21 40
51 0 17
27 14 2
31 55 59
80 4 19
66 39 45
88 12 9
94 29 50
44 47 36
63 17 8
84 5 21
85 44 52
14 55 14
40 15 5
21 38 58
23 11 55
53 6 24
7 18 49
92 1 17
1 59 9
75 54 36
30 1 16
74 5 8
54 14 53
2 42 34
27 41 18
63 5 51
95 53 17
82 11 31
65 12 34
1 47 54
36 4 59
90 49 10
97 17 27
45 2 35
54 37 27
13 20 20
46 30 37
35 1 1
37 11 26
16 8 5
60 3 32
81 33 14
9 29 40
68 45 6
6 40 52
19 11 38
12 32 55
28 22 52
52 5 43
28 5 34
93 49 40
9 56 46
90 57 3
5 15 12
33 57 29
59 7 11
44 26 1
90 39 26
10 56 43
19 7 38
87 28 15
59 22 36
25 31 0
80 51 13
73 42 46
92 19 41
1 0 54
49 6 24
31 37 11
76 14 55
76 50 58
22 39 9
90 40 40
9 1 9
35 46 56
92 26 22
22 30 50
25 54 19
33 3 45
59 10 45
62 42 31
52 15 16
90 23 33
80 36 43
41 57 36
68 37 33
69 18 34
10 17 0
49 2 18
83 10 32
74 48 6
70 18 53
91 22 34
27 1 17
93 1 40
24 58 2
44 55 16
41 21 22
67 16 54
27 52 20
86 59 34
88 26 33
15 4 37
75 11 1
65 40 45
26 56 54
22 24 23
6 33 2
0 20 37
12 57 19
35 37 30
36 15 26
34 38 28
95 23 59
28 16 46
82 36 57
21 53 12
36 49 19
33 44 8
38 1 1
91 14 38
79 55 14
41 0 0
23 45 45
96 35 53
63 38 6
8 32 35
71 36 23
4 10 15
7 6 41
70 42 27
13 50 54
31 3 41
64 10 11
47 56 8
31 55 7
79 59 12
45 1 34
14 57 35
73 43 52
61 22 14
32 46 19
94 19 9
65 49 43
34 26 40
4 15 27
3 4 1
81 54 16
97 25 0
3 51 34
74 40 1
93 21 11
96 50 54
67 27 18
95 19 31
0 31 48
86 30 18
86 28 9
37 13 51
92 37 41
66 59 57
64 41 32
68 42 45
67 44 11
65 28 42
16 1 0
54 10 38
97 33 13
52 10 34
72 9 21
66 14 1
76 36 48
15 17 0
96 3 25
12 28 57
6 28 3
94 57 4
58 8 38
26 11 57
50 31 25
39 12 31
35 44 20
97 38 14
57 49 32
14 41 0
89 17 28
77 51 40
16 7 15
9 45 18
72 39 26
79 5 52
84 45 49
51 20 35
88 0 27
47 44 47
76 36 18
56 8 40
6 53 27
47 36 29
90 13 6
63 19 46
15 2 58
27 15 40
78 39 0
64 51 35
35 45 20
55 17 47
75 0 46
85 55 27
69 6 41
27 45 46
34 8 5
94 59 24
26 18 26
69 37 14
8 2 46
23 10 22
87 22 9
8 25 4
3 37 58
87 4 5
98 40 39
11 17 0
17 35 56
32 49 12
57 28 59
16 23 55
94 1 48
15 48 1
71 9 46
28 46 44
60 2 11
30 42 53
92 2 51
14 29 41
53 22 13
8 27 41
69 50 10
93 4 53
79 28 32
22 8 59
32 18 13
29 50 51
10 50 21
58 18 29
27 34 10
9 5 28
60 46 25
68 3 3
14 14 46
6 53 26
64 41 28
92 3 30
2 12 28
1 22 29
75 33 6
86 28 53
82 51 18
69 25 16
57 14 34
29 7 16
86 1 15
96 48 44
66 12 46
73 59 14
97 44 58
55 42 30
7 7 43
73 21 53
76 11 32
84 2 39
8 58 44
48 9 58
62 57 25
87 55 43
88 34 11
55 1 4
74 0 39
15 11 49
2 23 19
55 44 40
89 55 18
34 54 18
16 20 17
24 11 42
73 59 39
47 14 52
60 24 47
4 31 46
0 15 13
67 41 17
12 53 19
88 11 33
7 48 55
83 17 17
25 54 7
32 4 11
75 51 40
19 50 11
61 34 33
33 2 8
66 11 7
53 36 59
61 48 20
49 35 2
86 26 31
97 33 59
11 50 31
96 25 28
96 36 0
70 43 32
96 37 54
58 56 55
32 38 38
10 24 40
41 43 18
56 52 18
59 1 38
87 59 2
67 49 23
92 45 21
85 5 27
75 18 51
5 33 40
61 29 20
63 21 55
19 38 3
0 43 11
69 51 7
52 49 43
3 37 9
35 44 19
64 3 26
39 31 33
14 24 28
43 14 29
51 48 29
20 54 10
53 23 44
72 7 26
66 18 53
19 43 22
86 10 46
0 55 36
12 49 51
24 2 3
54 37 50
40 23 34
94 35 24
15 43 59
27 31 36
34 25 20
49 51 46
41 22 28
21 29 47
1 48 46
71 28 0
27 27 9
31 17 23
72 44 15
14 13 7
68 31 40
26 16 1
84 26 20
91 6 0
70 30 53
94 38 9
77 41 33
40 21 10
89 11 5
88 24 45
54 24 52
74 27 33
45 43 39
26 33 44
20 52 10
5 21 52
57 32 29
12 52 6
94 51 0
89 7 57
52 33 15
38 4 53
69 51 27
29 15 15
92 57 20
13 50 46
50 13 27
25 22 38
29 24 46
87 28 26
51 18 12
7 9 53
76 54 28
66 49 2
42 41 20
63 36 49
64 50 14
0 15 18
1 36 1
72 42 36
57 6 33
67 14 13
87 32 26
39 8 59
38 27 3
57 21 32
9 25 7
48 27 27
10 59 59
0 49 47
20 35 32
67 55 7
44 29 48
81 18 19
35 21 50
72 10 28
65 55 16
77 9 41
84 50 6
28 41 35
59 27 56
53 48 45
63 27 32
76 4 19
39 48 2
5 34 29
10 13 23
20 24 34
41 48 8
74 26 38
69 39 53
5 43 24
75 4 18
50 10 25
5 42 42
38 6 47
74 27 25
1 17 31
0 5 0
61 4 27
8 25 54
33 29 56
41 2 14
20 32 56
26 58 0
96 40 19
26 24 51
35 57 16
74 9 10
61 35 28
76 37 48
64 6 22
3 27 20
2 25 7
79 54 16
21 16 22
83 25 28
24 12 44
60 1 38
92 7 0
93 43 53
12 54 32
47 36 42
15 31 2
52 11 16
11 51 42
45 41 43
90 28 27
9 5 19
97 3 22
52 56 54
21 2 20
15 17 18
77 48 27
51 27 54
4 11 55
47 48 18
12 0 45
97 52 57
75 41 7
82 55 58
37 41 11
10 18 24
63 48 12
66 29 0
39 57 51
28 44 26
17 33 30
69 5 6
2 0 14
86 2 0
92 27 37
70 11 49
56 32 42
8 35 12
42 1 3
41 29 35
41 41 34
34 12 55
5 10 37
96 19 2
69 0 34
69 37 42
36 11 50
5 35 9
80 53 0
90 32 26
5 21 4
25 23 46
30 29 47
87 4 21
46 11 2
80 39 45
90 24 48
22 14 51
21 17 57
42 34 58
82 2 23
40 48 24
37 58 28
4 49 2
61 40 8
54 56 50
37 17 47
36 15 29
50 50 58
17 3 45
13 46 23
49 51 34
86 16 58
18 7 11
57 20 28
34 25 7
8 49 52
17 4 36
80 55 39
68 40 34
25 49 10
16 53 53
12 32 44
48 59 33
30 1 17
86 34 29
39 4 10
36 46 48
9 10 8
59 43 19
18 45 46
61 21 3
48 42 17
77 35 2
98 52 44
71 4 43
23 19 57
16 54 30
56 44 22
58 31 38
83 38 21
32 0 5
98 41 17
63 56 54
83 11 42
84 46 31
39 9 34
62 24 59
48 0 53
95 26 20
52 5 30
95 49 1
64 11 24
86 22 17
47 7 52
78 21 40
39 43 38
7 46 38
40 19 54
59 42 31
37 59 26
98 9 42
86 47 59
82 2 39
97 14 34
6 56 23
10 49 6
16 8 53
7 7 42
18 32 54
42 51 27
63 18 22
80 43 19
72 0 5
52 54 15
92 47 49
26 54 11
21 56 39
29 41 39
80 18 5
74 30 49
41 31 44
92 28 11
97 26 32
81 10 26
36 9 55
20 14 17
8 16 46
32 53 8
98 11 4
32 3 39
42 57 0
54 26 10
86 53 50
81 42 52
69 2 38
92 57 26
39 10 27
57 5 5
29 58 36
39 56 17
67 59 59
84 24 50
23 24 48
85 39 23
17 31 46
67 35 43
41 32 30
28 9 5
67 12 24
45 8 9
25 13 0
10 58 18
66 24 2
27 27 7
0 15 47
27 16 12
74 51 38
28 51 8
12 35 19
92 14 50
59 38 21
10 33 2
12 14 50
4 47 31
41 45 12
86 13 31
5 3 6
8 27 18
25 12 20
84 50 25
97 36 42
8 48 6
2 46 3
34 16 35
21 11 5
98 34 47
72 51 17
30 51 36
81 46 24
24 17 29
12 49 53
10 12 29
56 10 12
43 25 15
21 49 19
76 17 46
81 55 18
85 41 23
58 8 30
78 54 23
51 8 38
96 26 52
98 0 20
46 35 55
56 56 15
51 0 59
74 17 14
36 39 38
97 54 26
51 49 18
18 53 27
19 54 23
59 49 9
21 21 6
13 13 17
63 57 18
29 14 56
0 6 39
61 36 14
91 37 34
70 51 54
55 13 53
72 55 28
95 47 6
19 45 46
30 18 7
13 32 50
78 37 39
79 38 29
14 17 29
3 31 29
72 26 45
82 1 24
78 59 13
91 1 12
60 6 41
66 21 37
92 55 41
79 47 6
76 34 31
21 34 4
43 11 1
84 22 19
81 23 13
7 41 1
19 56 1
68 29 51
58 38 23
79 19 27
23 17 2
84 39 51
26 41 23
55 5 48
1 15 41
25 22 40
98 39 17
1 40 40
32 59 47
34 26 33
79 38 7
41 18 45
8 16 22
60 46 29
87 3 21
11 57 1
98 25 5
81 31 12
51 1 29
54 26 22
88 12 52
27 46 16
23 4 51
42 15 40
4 18 41
89 46 14
51 40 21
10 6 18
87 54 56
94 4 18
94 22 9
42 46 26
26 41 39
5 36 39
15 32 46
32 47 10
94 29 32
15 52 46
75 45 46
69 52 2
47 47 6
51 46 25
50 16 47
41 37 29
53 25 35
37 13 22
39 10 53
44 56 28
96 41 40
89 49 27
25 34 41
78 14 4
55 33 6
39 37 20
76 9 40
90 28 55
98 33 42
21 52 29
10 24 43
82 20 17
23 28 14
59 0 37
55 53 56
94 23 59
4 20 21
5 49 47
11 34 24
91 6 1
83 15 12
20 43 17
8 15 7
9 43 2
55 19 7
3 0 57
60 15 47
46 41 11
92 54 54
83 51 27
42 45 42
4 52 55
58 12 25
52 27 28
83 38 15
51 50 12
75 39 33
70 22 42
29 3 18
11 9 48
92 56 32
3 1 37
38 45 55
69 35 49
97 43 40
10 34 26
30 26 52
7 43 47
2 6 17
65 55 0
38 58 28
14 53 22
73 57 18
96 48 11
51 16 50
28 47 45
63 25 40
54 50 28
74 10 33
51 33 16
76 54 43
10 25 52
33 41 11
28 35 57
56 42 50
78 4 39
17 38 21
56 6 46
69 26 3
61 45 38
24 39 19
57 57 26
61 21 56
35 7 11
3 45 27
76 25 11
76 14 59
7 39 1
53 15 53
4 38 24
66 42 59
17 55 17
65 57 21
49 12 8
17 1 25
67 18 6
90 25 16
76 36 35
78 20 56
70 52 39
17 16 31
50 20 13
38 40 45
89 59 26
12 43 9
30 52 33
11 55 46
35 49 38
50 25 55
37 49 52
85 56 13
97 29 59
11 34 28
76 22 28
9 1 36
26 53 24
79 57 46
14 24 46
45 54 33
27 36 22
27 12 17
55 41 26
4 12 53
9 37 0
14 46 49
54 55 21
87 17 15
4 38 6
78 57 14
27 0 42
56 36 17
39 23 55
49 21 15
89 16 21
48 20 35
83 52 26
39 4 30
56 49 30
17 11 0
42 42 33
96 49 26
10 38 59
47 41 27
51 36 24
53 37 46
20 11 56
51 10 6
49 59 30
79 57 28
1 27 18
74 15 34
51 46 0
83 53 26
42 22 35
71 10 55
62 53 50
40 1 18
14 55 15
96 24 5
48 0 32
2 44 37
68 32 1
98 1 58
10 50 53
22 27 40
52 14 55
92 14 23
44 48 50
43 30 52
94 11 49
1 38 44
9 29 1
63 2 38
37 24 10
24 29 50
22 16 15
30 54 21
56 41 43
0 49 18
2 44 54
12 25 12
66 27 7
98 1 20
23 30 3
30 55 12
38 22 41
74 17 31
33 5 10
58 39 53
12 30 43
97 46 16
22 15 30
13 53 22
63 22 11
21 28 14
89 25 46
40 28 32
20 20 44
32 5 33
52 27 28
92 12 39
80 9 28
39 31 4
70 39 19
67 45 28
29 28 11
57 50 56
54 29 50
93 5 43
13 11 32
5 51 56
77 26 0
35 1 49
14 35 49
44 16 4
97 53 53
32 49 24
84 45 36
6 43 42
52 20 23
30 25 10
89 16 33
30 27 3
84 25 13
89 10 38
16 19 14
53 49 16
51 16 53
94 42 3
77 53 15
82 28 36
24 25 39
80 59 53
58 56 0
4 58 24
67 48 3
1 8 56
4 7 16
13 47 40
67 17 31
20 32 35
9 24 25
10 11 51
39 24 55
61 39 11
92 56 53
53 44 47
49 49 0
81 57 3
72 59 0
75 46 31
88 2 19
94 55 55
58 12 5
52 35 27
74 23 13
67 1 27
8 22 4
37 33 30
98 55 58
17 20 50
84 27 15
79 14 50
57 16 40
62 24 33
39 58 43
73 59 59
29 9 3
2 29 16
80 5 56
82 11 54
49 53 9
8 30 7
27 0 47
64 13 16
24 35 43
45 43 14
19 48 47
69 39 37
87 2 42
3 9 39
15 59 7
96 21 39
85 11 57
74 8 40
95 24 42
18 50 22
94 27 20
96 30 19
38 18 36
41 33 47
42 18 48
93 45 52
90 19 42
61 19 25
47 16 52
20 8 48
11 54 36
70 50 16
97 30 52
86 50 54
28 21 35
13 46 9
73 20 11
81 8 52
66 8 59
38 23 41
23 49 45
17 44 43
14 15 9
14 51 22
16 19 45
46 15 4
30 57 22
59 55 18
16 51 7
12 34 54
96 47 35
33 16 48
91 50 30
76 41 22
38 47 0
66 37 58
35 50 32
5 51 58
28 4 27
39 24 3
35 2 30
66 18 32
48 1 43
64 39 23
56 15 24
79 9 48
38 48 53
93 17 3
74 1 19
38 47 3
46 5 27
6 58 59
12 50 22
9 54 6
90 27 17
27 26 32
5 35 55
15 29 46
17 25 56
50 57 16
10 34 22
87 47 23
7 32 27
65 24 23
70 10 23
3 5 33
86 37 14
84 14 13
21 23 10
30 11 4
30 25 8
84 57 14
34 59 11
83 2 50
69 42 33
97 28 31
96 57 8
2 29 36
73 12 3
59 34 54
39 41 44
94 49 30
82 51 18
26 4 0
50 46 40
27 59 20
51 7 42
97 31 15
9 22 37
77 46 25
37 48 8
74 2 21
11 56 2
62 40 7
10 39 33
28 29 57
4 56 47
2 29 23
97 27 58
60 50 54
38 7 2
65 5 5
45 21 39
97 10 59
83 39 7
6 57 57
6 10 45
83 30 21
88 45 33
64 48 9
25 9 4
56 45 59
73 29 50
85 52 2
14 57 35
87 51 22
30 26 50
9 14 37
37 55 8
59 40 4
97 2 14
22 38 56
91 17 55
16 33 51
93 56 16
9 0 9
4 1 31
17 5 21
81 50 58
78 49 39
16 36 41
5 30 5
33 8 18
17 38 45
65 25 3
6 13 13
84 42 56
23 2 58
2 13 40
22 45 25
98 34 8
17 40 46
45 17 31
28 19 0
74 22 41
60 41 22
10 5 56
63 45 46
95 6 23
28 39 1
88 52 36
71 33 28
28 25 43
90 19 52
5 20 58
93 48 32
15 36 27
67 50 18
23 41 36
27 57 24
54 14 41
47 23 34
75 23 3
11 7 37
37 14 17
4 36 46
52 19 4
36 30 36
59 3 22
36 13 2
35 24 32
88 55 33
0 6 28
0 38 54
96 26 31
56 20 10
72 26 50
21 14 33
18 3 54
20 11 33
9 7 57
93 6 17
66 38 43
68 0 9
31 13 44
56 27 9
1 22 3
72 51 30
30 24 24
82 8 38
56 44 42
15 0 5
9 17 5
75 16 11
76 32 46
28 58 58
52 16 9
34 15 3
82 44 53
11 11 58
91 28 20
39 23 26
75 5 16
42 42 8
36 28 6
52 30 39
74 1 22
28 28 34
90 53 52
70 35 57
3 30 36
33 11 44
93 56 4
87 59 16
65 3 15
2 21 21
47 49 12
76 41 26
88 8 1
59 49 39
31 58 5
67 9 48
3 12 49
46 44 48
45 27 22
13 59 3
17 8 24
13 47 26
91 43 11
97 6 24
84 17 32
26 35 21
96 22 6
47 19 58
44 0 56
6 17 36
76 50 19
27 18 33
39 30 2
55 14 5
71 43 26
4 53 43
12 58 16
69 27 17
17 5 26
96 43 38
1 17 59
33 27 31
64 46 18
97 9 31
35 10 51
48 51 9
65 27 5
55 13 12
32 44 16
83 46 0
90 28 25
33 15 4
43 37 48
17 7 12
40 53 25
21 29 4
97 57 42
57 5 24
68 5 47
41 50 25
32 38 3
63 18 39
25 30 48
57 6 16
30 1 33
17 4 36
11 4 53
95 11 48
44 40 50
64 20 53
54 23 19
86 35 19
90 21 34
38 39 20
10 50 49
29 50 31
60 8 30
65 30 13
64 17 36
76 10 1
75 14 18
68 43 40
2 43 0
62 11 48
58 20 33
57 24 51
62 11 59
50 14 51
20 27 6
34 47 38
54 16 47
79 50 13
8 7 7
36 55 41
16 6 11
32 34 28
89 55 15
65 35 44
72 25 21
43 25 23
46 44 36
74 20 56
89 16 10
67 37 5
98 17 53
52 35 1
49 42 10
68 39 3
4 6 51
53 54 7
53 41 4
10 10 2
25 10 33
37 13 23
11 15 4
16 28 47
51 8 54
20 10 36
29 6 45
92 1 9
84 10 8
55 31 52
9 57 44
13 43 6
84 0 21
66 28 1
72 17 22
23 22 47
59 47 43
39 35 58
4 15 44
2 11 4
98 4 56
22 23 3
1 19 37
9 49 52
84 37 25
22 53 51
35 1 33
4 33 10
22 39 19
56 11 29
83 23 31
78 16 15
67 1 50
25 20 8
63 58 35
24 59 30
79 32 51
47 58 2
1 24 39
77 47 22
21 55 12
63 56 38
79 31 18
64 40 10
82 28 41
88 12 19
44 25 59
18 13 50
94 10 55
54 21 14
27 41 44
73 33 16
40 35 54
3 48 46
76 46 39
35 18 16
10 30 57
14 47 11
59 25 52
54 17 25
56 7 36
47 52 42
29 6 28
11 15 29
15 18 48
18 8 46
95 34 27
70 29 4
72 55 39
56 26 34
23 44 21
87 0 26
40 28 26
66 44 38
67 25 30
22 12 46
44 30 33
5 26 48
11 47 21
13 58 14
49 43 40
93 41 47
44 35 57
92 53 28
85 21 10
14 0 47
26 27 57
74 47 48
47 13 25
15 33 32
61 41 44
0 12 32
29 30 7
54 25 45
15 25 24
41 14 34
79 44 57
82 33 9
3 41 58
12 37 48
93 19 21
42 12 25
73 44 34
6 55 39
13 46 50
16 54 18
12 53 57
85 35 54
45 22 22
40 1 34
64 50 45
2 10 56
78 17 31
74 15 45
6 38 13
60 38 35
67 47 36
17 40 25
14 32 44
93 8 21
54 15 5
91 50 8
38 53 19
44 42 14
18 31 39
29 40 4
13 18 4
86 41 40
45 1 23
50 28 50
48 42 25
15 59 34
13 8 59
17 47 22
33 22 45
30 34 35
67 48 58
28 19 26
67 14 29
39 43 21
64 12 39
22 10 50
56 55 6
26 40 20
14 13 0
23 32 51
0 47 41
76 59 20
83 55 16
32 59 30
85 44 34
81 10 18
44 43 47
52 56 42
7 44 14
66 47 44
48 25 31
12 35 52
57 56 9
53 3 7
77 37 8
71 7 47
65 50 9
73 47 44
50 36 39
25 17 48
1 47 27
7 52 19
78 30 8
76 15 40
94 16 51
66 41 21
46 52 44
16 26 18
27 9 2
31 50 45
49 41 2
14 11 44
0 45 20
26 39 40
68 45 7
75 10 40
28 24 39
16 30 53
25 29 38
57 47 36
76 55 13
7 8 23
66 56 2
46 53 28
40 17 50
28 45 22
33 22 3
30 38 16
0 52 44
45 11 5
25 7 18
98 21 47
30 36 55
28 30 48
84 56 51
6 9 24
36 14 40
92 46 7
19 50 17
1 16 13
93 33 19
72 44 46
7 12 3
30 7 35
40 55 14
55 31 3
58 36 2
10 2 53
9 57 13
85 41 12
29 37 39
32 5 6
61 40 59
38 20 52
38 48 32
84 48 4
21 1 43
92 59 33
12 2 20
29 2 54
38 5 47
62 23 22
70 15 20
91 38 23
23 20 32
51 46 30
81 43 7
31 24 19
24 58 29
82 20 38
6 24 16
96 33 50
27 31 37
33 50 47
17 11 0
75 44 19
42 16 7
7 19 3
93 33 38
57 58 27
58 17 14
88 18 35
17 20 51
32 0 16
14 4 42
77 43 42
18 41 42
39 52 37
12 9 41
21 49 4
1 31 39
30 12 2
88 0 40
71 33 43
62 42 55
51 37 52
28 38 27
85 17 8
59 46 48
61 28 17
58 24 12
44 54 38
97 55 51
30 53 28
83 36 51
89 48 33
62 45 8
16 1 0
73 37 47
43 14 37
12 49 22
10 50 26
31 29 25
93 32 30
76 33 26
12 1 46
96 56 45
83 18 15
51 34 22
36 55 0
90 54 2
12 56 49
63 10 45
72 21 1
39 13 58
36 14 45
7 54 18
68 4 18
2 27 58
90 43 46
9 2 46
98 47 10
19 24 28
4 18 37
16 23 38
54 42 48
26 18 30
87 48 59
51 23 49
76 54 58
56 0 51
29 31 41
68 26 19
10 21 9
5 35 23
74 31 43
80 46 19
47 29 22
66 19 8
83 15 55
45 23 33
3 53 23
72 23 33
91 54 24
27 48 55
37 37 57
66 56 55
78 47 33
46 36 36
64 39 0
85 0 13
51 16 56
69 53 20
62 15 43
58 0 27
85 57 2
32 3 54
3 8 3
98 33 51
72 48 43
52 4 55
52 15 2
7 24 19
6 3 33
61 40 26
30 21 27
62 30 8
95 14 14
54 34 40
49 9 20
7 27 4
95 32 1
67 22 18
63 57 57
20 36 1
57 59 6
9 40 43
96 1 21
34 52 21
77 14 10
22 3 42
58 15 19
30 52 33
61 12 12
50 13 15
95 22 31
14 53 40
54 7 45
83 17 12
6 51 12
95 1 3
20 32 9
52 11 20
85 15 29
29 24 19
16 56 28
77 48 26
20 37 0
7 2 49
96 11 23
98 34 56
44 29 32
71 27 19
84 7 43
23 35 24
73 33 40
13 6 32
89 23 42
37 11 39
9 28 17
27 37 49
10 4 21
59 9 34
69 33 17
41 38 9
83 11 39
88 20 8
97 57 59
11 12 7
68 30 24
43 36 52
33 30 6
79 5 3
30 18 13
80 44 7
61 29 6
31 25 53
29 54 2
39 39 5
48 25 8
69 12 36
5 37 34
14 47 51
49 0 27
71 24 36
97 16 48
48 2 3
50 37 30
45 0 9
6 13 5
19 41 5
94 18 18
82 29 17
45 39 29
1 21 49
3 12 43
79 46 34
16 39 51
89 35 27
26 31 20
80 46 30
0 39 12
87 51 56
0 14 47
93 45 30
20 27 29
54 36 38
63 11 5
7 44 58
13 56 55
82 22 8
16 49 56
38 31 2
54 33 21
91 37 53
91 19 52
71 18 51
45 26 15
91 1 26
48 39 37
97 45 32
86 49 49
1 50 4
59 47 54
59 46 43
79 26 46
69 17 32
67 14 2
68 6 15
40 53 50
93 39 47
36 18 49
70 39 42
54 43 34
16 33 57
4 43 25
23 5 23
72 54 7
90 1 25
41 26 52
30 12 6
8 39 15
23 15 39
72 33 54
88 31 25
38 12 5
2 12 42
50 13 29
42 16 33
67 22 52
13 12 9
38 13 10
23 6 57
32 47 23
73 8 35
4 9 57
97 30 28
40 45 52
80 16 23
76 14 33
67 32 3
76 18 23
30 44 48
88 55 43
71 50 28
64 4 12
68 34 17
21 19 39
56 42 40
93 7 16
45 55 4
51 27 54
21 38 40
44 46 18
63 30 6
87 41 36
34 24 38
57 28 54
45 20 4
26 28 15
10 34 46
28 32 42
55 45 42
18 4 57
18 57 0
5 18 22
71 3 25
69 36 23
25 39 35
6 34 31
75 39 6
85 29 37
53 12 54
5 18 27
98 12 32
92 31 39
31 34 12
87 16 1
96 38 15
35 45 36
86 45 45
19 9 1
6 42 42
2 37 21
20 55 45
65 29 1
84 6 45
37 58 7
67 52 0
13 39 21
7 48 42
32 41 31
62 8 26
5 0 20
49 17 42
33 44 35
0 26 58
94 17 22
11 13 40
79 55 0
44 47 41
12 38 43
12 51 5
5 6 4
53 0 10
17 19 53
39 23 13
17 52 43
90 47 2
66 51 34
35 27 38
26 54 5
20 57 51
32 13 2
23 52 36
69 58 40
35 52 28
90 56 44
77 52 45
38 48 31
40 57 42
87 9 8
65 21 38
24 52 58
59 39 20
11 36 14
91 50 7
34 56 44
70 40 52
69 48 56
36 20 50
18 54 33
68 11 0
71 43 59
74 15 28
57 7 35
2 39 26
20 38 17
20 39 33
35 39 54
5 58 2
1 34 10
19 37 14
83 7 39
23 4 11
29 24 42
91 57 25
29 9 12
5 43 55
89 24 41
65 13 37
5 59 55
19 17 5
72 36 48
18 56 38
41 3 28
97 15 8
6 23 44
40 39 23
32 10 43
94 55 56
54 15 3
90 7 29
92 28 52
49 23 51
73 16 55
39 52 19
5 22 24
49 51 52
69 8 5
24 36 28
44 50 20
87 16 38
80 15 38
6 1 43
96 35 42
71 33 7
3 40 50
67 21 23
44 54 35
18 23 43
92 49 47
54 24 27
51 4 42
85 5 35
84 56 21
52 37 51
93 32 32
73 50 17
36 36 12
0 3 26
0 15 12
56 28 57
86 54 46
2 51 31
44 41 16
40 15 18
7 57 4
60 57 15
24 33 54
74 13 56
61 56 50
54 46 18
8 15 44
34 6 14
34 19 46
48 3 25
55 22 35
43 29 6
62 10 4
43 33 19
78 2 14
65 21 5
6 55 13
83 27 27
8 31 20
15 46 37
32 43 47
25 53 44
52 22 42
6 49 4
72 49 47
18 2 38
70 7 22
26 46 4
12 3 22
91 6 4
45 19 3
51 26 17
52 54 9
11 7 12
52 0 30
72 14 51
51 3 43
26 9 37
85 10 49
78 51 1
29 52 18
64 30 30
28 22 43
14 50 39
77 57 43
44 9 30
64 56 33
40 29 26
79 39 12
6 23 11
96 23 20
87 16 55
60 36 45
8 29 10
94 21 45
59 43 11
75 33 25
67 1 40
79 28 59
14 18 21
44 43 37
98 59 1
30 21 20
52 18 56
5 36 15
44 35 38
70 32 33
36 56 16
30 45 14
91 29 12
77 14 51
20 11 55
93 15 41
60 1 12
58 56 30
93 53 57
63 38 19
98 18 22
91 32 16
68 8 40
63 14 38
57 21 12
9 54 44
93 52 58
56 58 54
26 43 47
46 10 36
21 0 46
47 5 21
47 13 12
2 39 3
39 49 49
73 54 40
30 40 57
26 6 46
59 22 16
63 37 41
11 58 51
73 15 22
9 41 43
24 6 9
43 13 53
54 11 9
88 25 48
92 30 21
53 22 10
32 35 36
67 59 35
75 49 37
23 1 5
56 49 34
97 27 51
24 35 53
67 53 20
50 33 50
67 49 49
33 41 27
64 17 35
80 12 5
82 53 57
27 50 56
62 24 40
40 31 27
68 15 17
39 12 53
15 17 56
11 15 48
62 9 10
51 57 47
97 5 46
70 9 22
39 38 22
65 8 34
50 12 29
12 5 43
80 26 54
20 2 47
40 18 6
68 8 45
72 41 59
66 21 21
75 46 55
30 50 12
4 58 41
53 22 31
55 10 26
83 0 23
3 30 7
58 9 31
73 27 37
16 30 34
71 18 36
64 53 53
28 59 46
98 24 58
80 58 40
42 14 26
3 9 45
75 24 46
49 24 47
5 9 16
19 18 51
64 50 25
5 18 25
71 10 18
76 16 36
98 21 52
26 48 18
48 18 5
76 4 26
73 5 57
88 51 52
33 11 20
35 3 34
87 11 27
62 13 17
23 11 8
63 23 43
41 33 3
10 20 22
87 14 35
36 59 11
69 15 13
91 52 52
35 58 53
49 36 0
15 3 27
7 43 6
31 24 52
50 31 45
8 40 26
69 3 0
88 14 27
27 59 23
75 4 6
31 46 52
96 51 20
34 17 25
79 12 56
35 18 45
93 40 17
98 44 10
26 26 24
57 24 24
34 19 27
37 11 9
50 1 12
40 50 47
48 45 3
77 4 35
34 29 21
53 7 25
21 43 42
38 16 50
3 32 17
14 1 46
