61
69 27 12
34 31 49
27 44 27
72 32 38
77 8 17
11 56 1
95 54 0
84 40 7
80 24 34
40 5 11
61 23 31
58 47 43
14 52 56
47 38 59
7 36 20
80 35 13
94 46 11
91 40 28
3 27 31
67 34 13
84 23 47
21 48 23
50 5 42
98 46 30
34 5 38
69 20 42
59 7 22
36 38 36
42 11 15
57 0 53
26 28 31
11 11 20
27 27 35
82 24 14
93 26 6
88 44 48
62 51 18
78 21 58
44 2 29
42 52 2
19 53 36
24 32 2
39 30 56
12 23 0
62 49 6
39 50 43
47 33 20
71 43 50
42 20 41
81 59 2
76 12 42
49 47 56
46 10 21
3 2 39
98 16 7
41 59 48
26 39 53
81 41 3
21 55 54
36 8 40
28 36 46
