157
42 33 45
85 25 56
17 18 54
29 44 39
44 18 12
69 7 42
8 48 27
67 47 4
93 36 53
6 36 6
24 35 45
10 55 26
30 41 34
33 31 14
77 43 3
17 30 25
21 55 56
36 45 17
4 3 33
18 38 49
63 9 42
59 26 34
86 47 6
17 55 39
38 7 16
43 57 57
3 43 26
16 44 15
21 40 6
36 7 33
84 25 25
53 35 27
62 35 58
47 28 8
20 54 44
43 25 49
26 34 40
1 58 54
82 35 4
25 21 26
85 29 13
82 12 6
38 9 55
9 54 22
41 8 2
86 20 48
15 13 28
95 21 57
45 51 40
55 38 33
70 4 49
43 51 1
48 39 6
86 17 35
18 36 22
74 13 13
92 11 29
83 18 58
60 53 29
45 31 9
52 24 8
70 49 36
92 3 49
38 7 43
74 6 33
88 22 57
89 10 10
6 10 43
14 19 10
26 10 36
10 14 26
36 0 34
94 22 2
1 37 29
39 55 22
62 38 35
89 46 51
42 26 10
40 34 42
13 29 29
13 53 55
64 35 52
92 32 18
39 48 56
31 42 42
55 0 22
47 7 40
89 23 1
97 9 51
8 28 29
34 49 35
98 34 1
58 30 19
8 16 3
3 34 34
8 24 37
30 28 16
12 5 52
23 26 6
82 40 3
27 38 18
66 57 47
59 27 3
2 24 45
4 36 9
4 58 37
17 46 27
47 57 50
76 1 17
70 35 23
89 1 33
14 22 56
40 27 23
79 39 31
9 49 42
50 18 32
53 14 7
33 19 19
11 24 39
97 13 40
3 4 53
77 59 43
32 47 1
28 42 56
92 20 9
52 32 41
49 47 50
45 5 57
14 5 38
31 13 6
90 17 46
98 56 13
54 4 26
33 55 38
17 41 26
10 21 23
92 52 39
43 58 34
29 34 43
23 44 46
14 19 48
8 23 15
17 14 6
33 45 57
92 29 20
62 47 32
82 5 22
80 38 32
6 28 0
98 14 35
66 11 15
89 2 38
89 14 29
89 24 30
74 23 15
9 48 31
88 22 26
