333
73 14 21
69 44 53
85 26 56
40 46 6
39 14 45
64 41 7
3 41 51
98 5 30
9 36 13
0 5 13
24 18 17
26 36 23
36 23 59
21 25 32
13 39 48
92 41 16
52 44 22
73 55 14
47 55 22
55 42 3
21 1 31
96 17 13
24 33 24
81 10 5
58 49 3
6 15 53
91 25 1
87 36 47
64 13 54
13 36 53
56 51 42
92 41 36
42 1 48
76 45 17
67 36 28
86 51 52
78 44 4
47 17 59
19 5 0
37 0 38
15 13 37
16 13 10
88 24 43
31 2 14
59 2 17
80 26 51
52 24 49
43 43 29
81 8 36
41 51 39
80 44 9
21 54 3
57 18 44
9 22 37
38 50 21
79 49 2
73 36 57
18 46 18
87 32 56
51 57 39
28 40 14
67 22 39
45 7 29
64 3 44
59 24 22
35 58 59
36 31 24
87 40 56
61 53 41
18 19 7
70 56 18
14 32 54
67 51 33
32 23 54
9 49 29
44 19 39
66 27 29
37 1 3
50 28 36
48 51 20
9 1 0
81 21 1
1 54 52
81 25 58
63 40 50
14 48 8
83 2 48
17 6 24
3 47 40
88 32 45
27 7 47
79 53 57
9 50 41
8 54 39
33 24 44
27 44 44
95 10 32
31 19 13
55 15 41
31 42 50
49 51 31
21 3 32
29 51 6
58 16 20
38 39 2
82 53 20
37 44 49
2 39 22
21 56 6
45 38 33
93 3 2
67 29 7
14 0 51
14 53 3
3 40 44
77 52 46
69 45 42
21 45 54
94 17 41
28 44 47
29 56 50
88 47 39
72 58 7
53 26 54
68 36 57
41 25 45
95 43 7
46 15 2
43 36 22
95 21 20
46 27 32
6 45 12
61 32 7
29 56 49
67 29 37
28 53 31
87 31 10
48 35 30
81 41 55
60 3 17
89 7 48
64 30 56
67 12 6
87 13 11
14 34 57
37 46 34
97 31 32
41 12 36
36 52 5
90 33 10
8 49 3
39 47 58
55 12 19
64 36 32
89 32 32
15 39 38
36 23 55
52 36 32
35 29 3
77 53 39
4 47 34
10 57 53
16 11 17
91 8 2
69 38 38
68 21 55
73 21 4
62 41 49
78 57 30
70 25 40
24 33 22
44 35 21
67 31 12
79 50 14
90 9 7
77 8 4
53 38 29
59 25 8
2 37 53
15 43 57
28 30 3
85 59 24
32 54 18
92 35 0
20 39 2
46 5 41
63 19 24
58 49 27
14 8 21
32 24 10
5 6 48
1 45 52
70 41 4
85 7 10
87 31 50
32 25 4
25 57 28
38 28 44
56 36 48
0 32 56
76 6 2
3 40 3
37 46 56
11 31 41
40 36 14
64 11 43
22 27 52
38 23 1
68 35 23
86 19 38
2 6 49
19 19 30
89 59 40
4 38 1
86 58 11
88 34 22
63 25 2
69 37 20
0 22 44
14 41 20
78 6 45
17 52 22
5 46 28
23 42 14
58 37 10
98 46 22
94 35 22
43 58 31
80 43 10
96 53 26
8 33 4
93 37 55
87 24 18
32 25 45
45 22 22
94 33 36
16 24 33
37 29 21
21 53 2
97 28 42
76 20 55
21 51 33
58 20 19
36 18 18
97 41 50
53 42 25
72 52 10
12 45 28
25 10 29
36 17 42
39 15 47
84 24 52
40 31 18
1 14 49
82 0 2
0 47 19
39 10 14
2 35 8
80 42 31
8 55 58
55 14 54
50 28 32
67 12 46
84 32 38
80 18 9
24 43 19
82 25 47
71 6 7
97 43 38
64 9 43
86 56 48
92 39 29
36 44 32
31 43 8
95 5 10
53 20 34
28 35 32
90 46 38
15 9 25
87 20 15
82 25 7
84 37 26
40 12 56
71 10 35
7 44 52
63 53 53
6 28 3
15 37 45
18 32 48
73 1 52
58 48 45
4 6 41
91 30 17
96 2 32
37 32 48
75 8 41
45 34 43
45 46 28
93 11 52
87 28 14
29 43 53
55 43 44
44 22 37
93 10 43
32 4 59
22 35 10
16 43 37
15 7 59
94 21 56
8 12 16
42 38 23
12 47 1
13 14 29
4 17 3
92 48 16
58 42 40
3 38 4
69 39 48
46 31 35
84 12 12
14 32 21
62 6 17
77 49 18
15 14 57
59 15 48
78 6 33
1 53 24
56 54 43
41 41 51
14 0 32
36 38 43
27 17 37
74 14 14
