444
29 34 14
48 50 48
8 36 14
98 37 1
95 55 11
8 32 6
12 46 18
15 48 56
85 25 26
48 7 58
52 47 38
12 52 58
36 31 55
27 1 31
20 55 34
67 31 8
55 5 57
58 36 10
51 35 34
11 30 56
16 50 28
94 14 35
62 6 36
90 31 28
7 8 19
2 15 15
10 4 4
88 21 57
50 34 8
76 11 4
8 41 56
77 5 26
30 28 9
54 55 38
50 27 7
80 24 7
41 16 43
86 35 32
38 55 43
80 46 53
63 13 40
40 47 28
78 15 2
97 23 3
53 24 13
40 53 58
69 9 27
69 21 34
60 35 20
50 35 47
8 38 15
46 11 31
89 55 37
31 33 7
19 26 41
37 15 15
71 43 34
72 33 43
55 43 13
70 21 18
29 58 52
4 42 47
68 27 3
82 3 21
63 47 44
91 48 18
64 15 21
93 13 5
6 43 11
73 31 18
10 33 42
94 24 49
49 38 46
36 25 11
21 59 38
12 6 12
27 21 4
96 53 6
30 59 17
78 52 51
72 45 6
37 44 25
21 6 40
8 2 15
78 51 4
51 17 49
87 51 18
70 47 6
81 55 3
91 52 17
65 58 11
91 59 25
27 35 44
43 9 13
39 34 46
32 17 59
64 48 51
42 21 37
61 39 15
58 14 22
29 3 25
93 2 4
42 38 46
11 17 15
22 17 25
5 24 21
83 53 53
71 38 56
67 32 31
91 19 56
58 19 17
54 30 54
68 10 2
53 17 21
89 34 39
14 26 12
74 54 17
21 25 54
52 5 23
45 23 53
62 14 9
84 20 43
15 4 4
57 48 30
34 9 33
12 55 18
75 58 58
87 54 5
59 12 12
75 41 27
28 24 57
88 4 56
80 48 7
46 42 2
69 38 0
5 16 45
20 29 36
98 21 16
45 41 53
6 41 21
57 27 58
73 58 36
31 22 29
74 2 8
35 11 36
61 58 53
51 17 20
69 16 7
72 56 47
97 42 41
21 19 45
6 55 3
29 42 42
93 40 44
95 21 44
31 37 7
80 54 32
57 35 40
77 28 55
91 1 28
52 24 10
55 1 49
52 1 27
82 5 35
49 11 50
28 44 35
56 18 12
26 1 6
48 3 57
82 40 22
73 52 48
5 7 3
77 21 53
58 15 39
74 58 57
91 58 36
53 34 50
74 21 1
62 40 18
82 58 27
37 59 32
85 6 35
89 20 11
1 39 45
95 11 47
91 16 47
41 40 29
21 35 27
39 31 53
72 40 28
20 17 30
5 45 41
7 44 41
20 15 24
61 31 3
95 3 16
70 30 29
51 45 9
12 29 57
20 57 48
87 26 40
69 46 2
48 52 39
87 12 12
64 27 17
92 39 47
76 43 52
86 5 30
64 28 44
45 43 0
71 27 19
31 44 21
84 46 46
69 0 59
86 27 32
31 10 3
53 34 48
96 29 13
24 46 55
65 38 44
22 56 49
39 29 17
38 52 5
12 8 56
79 40 10
18 0 44
8 26 55
50 44 51
53 22 20
31 33 15
45 33 27
39 59 13
26 17 45
54 35 24
20 15 11
45 51 40
50 25 8
14 42 20
42 49 3
60 40 53
60 28 45
70 56 38
21 8 44
53 21 43
30 5 42
84 9 6
38 50 3
79 50 22
55 12 25
41 5 16
67 29 36
67 8 20
45 59 22
42 12 39
36 25 35
36 37 52
48 1 20
14 17 43
75 51 27
29 53 2
40 27 27
75 52 42
30 5 14
17 38 53
81 12 41
51 39 3
66 58 9
98 51 25
28 38 20
50 6 13
37 43 27
16 55 56
41 6 49
53 56 23
32 59 24
80 11 8
58 13 49
61 22 46
16 47 23
61 21 3
65 13 6
34 57 36
36 39 54
25 48 55
92 36 27
93 50 44
56 43 11
25 22 40
97 3 12
46 34 59
35 57 31
4 4 36
66 3 33
27 3 19
23 5 29
41 55 36
66 1 22
22 24 38
94 38 34
38 7 50
1 46 56
17 22 34
70 30 1
81 16 15
6 11 14
79 12 14
25 19 20
98 48 58
58 5 58
9 52 20
10 22 6
54 53 16
15 17 17
81 48 35
40 55 37
10 1 19
34 8 56
37 33 29
62 42 18
53 9 59
92 40 58
64 39 23
15 23 27
45 0 48
61 7 27
16 54 23
80 15 27
82 33 34
25 18 41
24 8 21
46 1 34
82 1 25
59 8 44
56 47 57
67 55 29
27 35 44
7 53 16
61 52 23
20 29 50
53 45 21
73 30 8
76 32 19
78 46 52
64 22 55
25 3 11
98 20 12
15 26 46
39 9 24
47 8 52
62 54 57
90 15 6
83 5 7
9 28 3
8 46 26
20 5 7
77 36 10
40 9 41
73 15 50
26 6 21
29 8 23
25 16 13
29 9 27
31 21 6
5 34 22
42 21 7
69 43 10
85 25 39
18 23 31
37 31 41
87 47 39
76 57 24
73 57 14
26 5 55
43 44 18
25 20 58
63 11 56
37 4 17
81 11 39
16 6 14
4 27 41
1 12 37
95 25 15
11 47 17
57 55 5
57 49 0
72 33 55
70 12 36
4 39 22
41 33 0
41 46 15
25 59 21
62 26 3
19 58 33
76 37 27
76 1 18
85 57 30
21 40 23
98 15 35
8 37 31
64 3 28
85 59 46
40 13 48
5 11 3
51 17 20
50 27 36
98 59 27
50 11 34
57 8 34
5 31 20
73 30 27
93 1 31
80 58 4
37 18 21
3 54 32
53 4 33
35 16 56
62 57 32
15 19 24
90 12 2
77 9 32
50 53 52
45 32 23
6 52 4
56 44 52
50 55 49
96 29 30
9 58 37
42 37 7
68 46 15
95 20 17
92 51 51
7 51 51
18 4 22
24 31 27
26 39 29
37 50 21
4 52 15
46 17 28
34 22 25
30 56 5
98 15 18
81 16 31
79 23 21
6 54 6
