1022
50 36 17
33 20 35
7 14 7
46 54 6
84 32 43
16 50 56
39 36 6
45 7 42
57 9 12
2 26 8
73 26 39
74 11 34
47 18 36
26 7 44
93 18 12
39 31 48
36 46 8
20 30 13
86 39 10
59 40 48
32 31 8
75 25 41
85 41 49
25 34 41
71 28 39
91 48 38
32 37 35
42 26 12
79 46 39
65 39 30
68 26 36
48 46 22
9 22 26
70 25 46
93 53 48
96 32 57
63 13 32
23 51 41
40 11 37
15 52 49
84 30 16
83 25 56
61 31 24
8 21 56
64 57 22
30 46 43
76 41 7
19 37 30
90 36 17
78 39 26
45 41 29
84 46 56
17 47 12
51 26 38
90 58 21
97 40 19
1 29 38
27 50 28
60 59 31
95 5 28
91 2 23
37 0 35
62 44 17
29 27 43
40 25 35
95 58 25
0 53 48
57 10 43
6 51 45
32 54 57
29 30 30
10 4 49
14 55 42
29 4 43
78 32 29
70 48 44
33 51 10
36 10 33
81 40 25
55 1 7
85 30 11
24 1 38
9 36 37
33 53 35
82 54 33
26 40 4
36 11 34
56 27 31
3 54 30
78 16 43
70 51 43
65 8 44
45 47 54
87 29 3
25 17 9
93 36 4
75 58 12
37 29 39
64 32 18
26 39 49
32 40 54
12 3 35
42 32 49
91 46 55
54 7 29
54 29 56
11 52 5
26 4 0
7 3 38
14 23 39
60 15 57
5 6 3
16 47 13
93 11 42
57 43 33
85 0 26
76 52 43
14 38 13
27 40 41
94 8 54
57 9 55
82 40 40
63 58 17
89 4 19
46 1 8
19 25 1
7 39 26
36 48 46
81 17 29
30 8 18
1 26 48
66 13 24
39 18 15
23 40 37
32 54 37
12 12 34
17 9 52
83 29 46
6 51 33
19 40 34
54 35 44
0 19 10
82 49 50
14 33 23
28 14 19
75 38 16
96 13 57
81 33 56
91 4 18
44 9 7
85 22 7
67 27 53
74 50 58
10 40 17
49 25 29
31 26 5
84 47 17
75 46 1
96 28 11
2 30 22
44 5 17
20 38 3
16 8 5
92 43 37
84 46 51
38 10 4
77 45 5
64 24 35
30 18 40
66 1 16
3 47 39
24 13 55
87 56 28
19 59 23
59 38 39
71 42 2
9 44 55
24 11 20
50 38 26
29 31 32
34 37 14
9 35 36
19 1 50
2 30 48
11 11 52
78 57 57
78 58 29
66 10 41
33 23 33
68 51 46
50 56 31
23 7 22
55 38 56
49 49 55
48 51 38
47 26 55
19 52 5
70 55 33
89 25 39
7 4 44
33 10 13
26 35 3
40 10 33
13 45 17
18 14 15
47 56 27
57 53 31
63 4 13
49 15 24
54 45 52
27 2 10
77 30 29
5 8 40
2 17 8
54 4 14
48 36 2
41 1 7
75 39 38
29 30 13
70 52 4
52 59 3
19 15 7
79 41 27
24 56 6
39 6 11
84 39 30
56 31 21
7 33 55
7 24 35
52 45 34
78 5 47
75 19 49
23 14 36
79 35 15
24 42 27
98 48 50
93 44 26
66 10 47
54 34 38
66 39 15
31 54 33
43 17 1
21 24 26
3 42 0
49 54 41
81 16 44
15 3 32
5 47 32
48 22 27
16 44 53
27 5 57
54 31 27
48 22 39
64 49 36
56 20 3
36 33 34
90 37 1
32 59 26
25 50 40
78 8 13
91 54 47
25 0 34
10 14 44
52 50 59
67 35 16
88 28 4
78 46 4
93 44 57
72 7 14
72 15 6
80 6 48
26 19 43
92 21 30
91 15 21
0 40 20
47 48 10
24 26 33
26 8 42
61 46 50
71 24 21
66 45 17
15 43 19
31 5 15
90 24 33
39 7 4
94 42 58
88 13 1
84 15 27
52 30 39
86 32 44
18 44 0
24 4 43
53 14 37
86 0 38
29 56 51
48 43 51
71 19 6
75 1 30
55 33 51
48 59 42
61 2 56
63 5 3
7 44 11
81 2 50
13 21 45
5 6 35
25 4 41
69 35 4
34 31 52
8 19 31
69 59 34
80 11 34
44 51 59
96 23 2
41 49 31
94 22 26
70 53 52
45 37 31
95 2 44
89 50 5
88 20 27
75 44 21
50 50 40
78 17 56
12 33 8
41 57 5
69 16 57
20 44 35
19 49 52
79 20 47
29 34 43
7 23 24
2 28 32
83 44 20
13 33 15
83 13 16
66 35 41
29 22 23
52 57 58
62 50 40
85 35 16
57 21 34
72 48 43
61 31 11
62 3 35
21 56 21
74 15 49
96 14 23
42 14 44
19 9 19
63 35 47
31 24 41
22 10 55
35 59 37
9 16 56
91 52 54
14 19 0
10 33 31
32 10 17
11 24 0
59 56 56
74 56 52
41 0 55
41 21 15
25 22 32
57 46 37
1 33 56
47 48 9
15 39 6
9 43 41
65 5 18
69 35 2
4 32 58
56 39 56
45 37 18
75 16 25
64 21 22
43 59 32
65 21 30
66 36 34
88 27 40
72 14 11
7 25 45
32 40 18
54 27 37
74 29 48
88 27 44
68 41 54
72 33 3
46 47 55
47 42 29
33 27 27
67 57 41
17 40 40
41 23 16
97 24 19
38 2 19
65 56 50
96 4 47
1 35 32
58 21 16
2 43 6
0 19 45
65 49 7
70 54 49
13 16 3
53 51 40
90 37 57
52 1 50
83 2 51
31 28 2
34 49 39
61 54 22
20 35 41
95 38 35
5 3 18
42 10 14
82 30 37
83 26 28
27 48 57
93 7 44
7 28 5
5 42 4
51 58 49
59 22 54
76 34 26
73 58 22
27 15 17
96 53 34
19 18 17
94 21 36
71 9 59
16 7 1
4 26 43
90 46 32
51 34 3
35 38 20
69 10 29
37 0 12
20 33 43
87 43 36
49 53 38
68 10 28
53 21 11
67 30 33
16 31 41
96 24 18
22 25 26
71 50 32
19 29 54
85 56 24
60 17 3
48 20 34
32 6 12
77 39 5
33 3 22
75 43 1
78 40 48
56 36 22
25 24 42
1 53 19
76 30 6
82 33 55
63 8 46
85 47 17
47 44 8
8 25 31
3 20 57
29 58 9
88 25 30
63 46 38
2 25 25
59 25 37
46 30 42
9 22 22
67 13 3
18 35 40
40 36 8
80 53 13
39 42 23
82 32 31
41 21 13
42 6 12
14 1 2
31 35 30
80 24 48
98 17 12
86 10 29
8 56 18
34 46 57
10 15 40
58 21 6
70 20 1
51 38 35
14 44 59
83 4 59
18 20 48
1 38 52
26 6 33
30 6 11
65 59 29
77 54 49
19 19 50
52 6 44
58 38 24
53 40 41
98 45 11
21 0 36
26 54 11
69 40 19
45 44 26
46 56 3
88 45 20
25 40 31
27 0 4
66 46 29
71 16 15
69 1 37
38 6 50
65 56 30
20 54 50
85 58 28
81 58 10
0 8 27
60 27 16
68 21 51
68 26 32
46 35 23
70 17 7
38 7 53
77 2 22
1 22 11
39 27 56
81 5 6
64 36 18
46 9 17
18 35 35
90 13 45
57 32 11
68 42 45
7 12 35
58 39 20
96 1 58
81 21 11
48 28 30
19 6 52
55 39 59
29 13 5
28 39 38
77 7 8
39 42 1
69 40 21
90 29 33
37 23 23
10 35 28
47 37 26
44 13 34
15 22 23
51 8 12
25 10 13
84 46 53
22 5 35
31 41 4
67 4 42
10 6 22
28 9 38
26 59 58
81 38 4
62 36 17
37 9 16
44 37 50
30 20 58
47 41 48
88 53 57
54 44 5
53 46 48
36 59 51
85 37 11
27 57 34
39 23 57
32 12 44
47 8 50
48 9 2
97 14 11
54 49 0
4 30 49
93 45 30
53 1 18
33 56 40
29 16 50
78 23 39
2 13 38
34 24 27
41 47 58
68 9 11
57 21 42
87 17 17
33 16 50
60 46 51
62 3 57
16 30 6
54 6 56
6 47 37
44 25 9
60 8 20
44 12 52
9 42 15
44 9 58
58 48 50
85 8 0
10 7 7
88 0 28
18 48 16
48 13 10
98 0 51
12 52 55
70 2 8
37 44 50
98 50 18
40 20 19
75 16 2
90 52 47
9 44 14
43 47 11
0 49 30
72 22 9
75 59 31
74 19 36
2 8 55
51 11 50
46 6 58
70 42 29
27 12 42
51 50 39
36 39 30
68 59 19
13 2 55
50 23 17
8 11 23
12 28 20
71 28 28
44 49 18
41 56 6
31 5 18
2 18 33
44 1 16
3 26 28
50 13 50
85 11 52
78 42 53
65 2 4
24 50 55
88 48 48
50 36 46
56 20 34
81 31 47
19 54 26
97 54 4
37 23 18
57 36 6
72 59 4
4 54 52
57 43 1
61 18 41
51 15 5
60 7 59
16 28 39
78 37 16
47 15 42
32 27 47
94 40 35
74 31 5
48 30 41
61 43 21
83 39 57
28 42 35
48 5 49
20 6 21
86 4 49
39 10 55
27 43 42
85 30 34
58 26 25
22 33 26
60 8 55
57 43 13
52 31 32
27 17 55
54 57 24
35 33 37
46 53 21
47 48 28
62 22 43
39 53 54
51 5 26
38 8 15
47 38 31
59 30 24
64 38 53
11 6 57
62 39 12
43 28 39
67 33 14
97 18 35
40 2 19
2 14 37
93 33 20
81 49 27
81 0 10
13 43 57
33 50 49
67 12 19
83 6 1
85 57 48
16 17 0
74 48 23
95 36 52
26 19 38
86 44 13
75 7 16
40 8 11
34 13 54
8 33 26
18 0 27
36 15 11
73 9 58
52 32 16
54 8 49
28 32 4
85 34 4
67 12 27
8 53 2
96 24 33
18 1 26
0 57 40
55 16 23
95 43 27
33 57 34
43 13 35
96 18 53
91 13 42
2 11 40
71 32 51
59 20 40
27 59 31
4 42 25
40 9 4
44 42 36
30 21 20
2 19 48
97 42 11
57 39 27
53 14 56
86 13 55
73 25 37
17 50 28
94 52 8
61 54 38
43 34 10
95 51 28
35 22 47
16 4 21
24 59 20
3 19 57
72 9 41
80 7 56
80 22 4
5 5 10
69 23 33
40 4 51
49 36 46
31 9 31
78 25 25
0 38 53
78 29 24
3 35 23
12 27 18
15 15 15
88 18 41
32 46 43
83 8 36
67 13 8
43 57 49
77 1 19
54 34 25
94 39 26
58 38 54
58 53 35
21 48 14
56 10 21
47 8 27
92 9 24
62 38 34
37 31 56
62 44 2
12 42 10
37 55 41
89 5 28
13 30 56
26 16 46
82 51 45
90 20 0
68 33 52
83 41 9
87 2 16
12 24 58
20 48 9
74 9 47
20 59 6
74 1 24
5 3 46
75 27 33
84 30 1
47 45 2
19 20 59
90 16 21
54 3 24
52 37 15
90 46 45
36 33 40
98 34 31
91 52 55
30 27 13
4 48 49
98 13 38
65 41 44
83 50 58
66 56 3
69 52 10
37 35 39
29 55 54
78 23 13
85 29 3
75 44 43
91 16 27
57 7 4
1 47 59
86 40 24
3 53 10
31 3 24
84 22 8
70 8 15
52 14 45
53 44 51
34 40 54
48 27 28
60 7 41
79 4 39
58 40 24
97 9 31
45 50 1
90 12 27
45 32 26
53 57 41
82 24 28
40 55 58
27 27 39
73 34 11
63 8 4
42 14 57
75 39 50
75 43 13
72 55 7
29 6 1
65 59 41
94 20 46
1 18 42
68 2 57
97 10 1
35 54 29
71 24 41
95 25 56
55 19 8
57 24 31
84 42 6
80 47 57
40 42 44
9 57 33
85 4 4
59 5 49
26 58 35
67 9 42
10 29 40
82 48 37
15 24 43
76 56 59
28 29 21
53 11 29
39 33 33
61 9 37
86 17 15
40 18 44
61 52 55
11 21 33
89 10 43
80 50 14
53 57 17
32 11 8
35 19 47
35 16 50
85 19 15
52 29 54
17 28 50
92 15 25
49 6 0
6 52 5
24 57 25
13 35 45
92 33 49
73 18 18
30 2 26
86 37 38
12 59 8
22 47 29
37 57 52
37 54 52
16 51 44
26 32 21
5 42 20
67 56 39
9 56 50
34 50 48
45 10 58
62 29 36
87 58 0
17 24 12
91 34 15
86 9 55
83 31 20
62 16 6
14 29 31
95 37 24
96 53 59
95 3 46
26 32 2
2 1 5
31 54 37
35 46 54
72 40 31
25 31 40
9 17 57
80 2 21
18 26 35
1 52 39
31 6 35
78 5 11
27 4 3
86 4 5
95 52 51
13 38 48
82 42 40
73 59 19
77 48 48
21 30 35
62 57 39
34 34 29
97 13 32
14 22 9
26 56 56
67 51 21
44 56 23
49 26 33
64 42 37
26 4 31
47 12 25
68 11 48
41 13 22
49 29 24
92 4 16
73 52 35
28 36 58
20 7 50
14 5 52
75 10 1
23 26 13
59 29 26
86 29 47
13 59 19
91 6 11
78 37 21
50 13 11
85 25 0
47 47 29
70 34 26
0 40 6
5 14 54
81 1 15
23 30 36
39 14 56
73 52 57
14 51 52
96 48 36
86 6 31
84 31 57
15 14 1
72 44 5
80 22 34
64 39 44
67 57 30
13 27 49
57 12 16
79 11 10
39 11 36
97 44 18
1 42 34
36 58 6
71 1 39
14 48 47
40 25 48
63 29 32
54 39 0
92 50 8
91 39 20
60 51 37
21 28 30
64 39 20
6 11 11
93 52 37
79 45 39
12 38 30
50 29 11
83 26 43
