2233
12 18 57
90 37 23
90 56 8
77 27 29
32 27 10
8 41 31
70 24 28
53 1 21
10 20 35
29 47 59
41 3 11
18 49 18
15 15 46
37 42 22
31 57 56
73 17 31
32 37 40
54 1 48
3 52 23
50 45 15
75 56 3
48 26 14
60 29 7
88 49 49
97 27 36
31 25 47
52 21 3
3 23 54
75 11 30
88 5 25
13 39 31
43 43 8
22 10 31
98 24 0
65 17 34
94 4 59
46 1 25
8 4 26
2 56 26
73 59 4
52 28 2
27 14 28
7 59 53
33 6 25
72 22 35
69 7 12
32 31 45
23 38 12
50 6 57
3 24 52
62 21 25
96 14 40
80 22 22
95 42 57
77 28 52
19 10 43
82 13 3
15 43 25
45 45 5
37 24 7
88 38 39
1 51 19
61 20 49
10 16 47
59 5 19
23 48 18
36 21 23
84 48 44
2 45 27
67 34 18
11 51 46
14 49 59
69 26 36
60 12 59
9 3 5
6 23 16
40 54 51
88 44 28
55 38 13
13 56 40
82 59 42
65 59 40
11 40 26
77 38 34
54 12 4
8 1 45
17 0 25
21 50 48
30 45 53
98 12 43
69 8 51
92 53 36
43 59 25
82 22 54
47 47 12
51 2 52
60 14 1
86 50 35
9 48 5
76 53 52
76 9 18
41 24 7
43 59 37
28 32 10
18 27 30
13 0 0
21 57 12
36 9 45
41 28 33
95 8 20
64 54 54
72 49 9
58 9 2
68 36 28
92 55 2
71 54 13
77 55 19
27 20 39
44 13 49
96 3 58
92 37 32
73 21 10
19 2 57
12 46 27
93 59 4
7 49 40
81 6 28
51 54 57
51 7 9
2 44 11
63 27 8
95 2 1
78 30 54
59 39 24
65 45 43
86 25 42
9 26 19
54 7 1
87 11 22
39 54 25
72 5 0
40 21 59
43 8 15
53 15 21
14 21 44
64 38 33
89 54 6
44 30 30
33 40 21
89 27 51
49 43 0
36 37 43
9 59 55
48 18 12
6 5 45
91 7 9
33 48 14
73 30 53
25 14 44
74 38 37
38 1 55
71 52 36
82 50 46
49 40 38
34 45 57
43 1 57
76 49 28
38 35 56
25 48 13
62 48 45
50 1 46
89 18 15
28 28 40
42 4 8
26 52 41
79 57 36
79 40 8
57 18 52
4 33 59
62 25 4
74 38 48
79 19 38
11 44 53
37 46 15
20 49 12
61 47 1
81 23 4
75 28 48
96 9 36
29 44 16
7 36 47
6 3 11
84 7 4
79 15 59
87 1 30
3 36 20
20 54 35
37 39 29
15 55 7
26 54 54
22 36 1
71 24 44
57 42 25
93 29 52
56 18 29
54 1 31
7 21 47
6 52 22
51 38 34
91 29 40
27 11 12
66 27 12
6 50 36
60 21 12
39 56 30
48 1 38
42 6 48
97 34 40
38 3 1
37 1 32
60 55 50
11 34 2
20 47 52
51 54 40
47 45 50
11 39 22
27 34 49
90 42 40
78 18 15
84 50 54
22 22 30
98 44 30
63 6 15
88 42 23
27 33 5
24 9 31
4 43 20
16 0 37
97 28 45
6 29 3
67 10 50
57 43 42
47 48 51
51 55 59
30 14 41
45 18 38
42 57 10
0 40 22
55 17 31
56 47 7
21 7 41
15 30 39
5 54 22
56 56 19
25 10 46
57 18 30
7 32 45
75 12 7
78 37 20
4 47 57
93 21 14
22 50 24
5 39 45
89 3 48
44 29 58
47 8 29
8 21 30
89 56 36
76 35 7
60 57 25
71 20 55
55 13 4
82 8 8
46 31 26
29 14 34
12 47 8
21 23 11
45 58 38
73 29 42
52 22 47
47 36 50
13 43 46
12 46 56
42 56 44
75 1 36
31 36 52
22 42 36
94 8 40
46 39 41
50 31 20
8 23 12
24 30 41
38 4 27
21 31 6
52 39 43
82 17 9
50 13 40
26 0 56
76 29 42
65 32 54
90 3 47
6 41 11
44 39 37
54 40 20
43 44 7
38 4 49
37 19 7
92 11 14
55 25 42
48 35 23
5 0 48
35 15 9
78 49 19
39 28 43
42 56 3
25 1 31
6 36 49
35 30 14
32 29 37
58 51 36
32 49 37
27 31 21
36 32 59
35 36 46
80 8 52
41 9 40
51 2 17
47 38 18
5 26 48
94 29 9
43 30 50
54 9 20
52 56 6
98 42 34
49 53 58
45 56 1
55 28 23
34 5 2
39 57 32
98 12 31
65 21 52
79 5 16
77 7 16
1 9 22
92 42 11
17 6 39
64 1 34
17 27 46
36 11 32
10 57 6
47 32 52
38 16 22
40 29 49
88 34 9
64 5 49
67 6 23
74 46 16
42 5 22
59 12 16
66 6 20
49 58 29
45 48 36
88 26 53
15 39 31
10 17 24
45 38 28
48 7 8
67 42 33
61 2 0
16 3 52
34 9 6
20 22 9
60 4 0
1 46 41
75 35 29
67 27 27
58 53 1
9 38 31
56 15 54
43 47 57
1 18 33
35 12 10
94 28 57
93 51 46
84 53 38
70 27 1
7 11 4
36 50 53
94 7 33
93 31 8
71 25 29
24 57 52
12 26 55
32 57 1
9 27 56
15 0 41
49 51 55
90 51 22
34 40 31
3 32 7
1 38 34
56 53 5
81 53 35
9 8 0
65 23 5
78 13 42
83 56 49
88 52 38
54 38 40
24 37 34
86 1 2
16 24 52
4 57 30
33 51 11
63 11 26
10 53 42
89 5 37
69 36 59
83 21 5
5 53 2
66 28 25
53 2 5
49 34 11
87 52 41
14 2 47
2 48 49
1 17 28
53 29 33
58 47 20
89 32 26
70 30 16
65 56 13
89 26 17
52 34 15
43 12 26
76 8 55
23 48 53
94 26 50
62 39 5
98 4 14
78 57 8
38 23 25
5 46 13
7 50 58
64 55 7
38 41 34
45 33 28
58 7 15
65 58 28
35 9 31
19 40 41
38 27 30
34 52 33
41 28 0
40 3 44
59 37 53
57 13 25
41 42 5
40 3 3
10 13 31
25 7 38
26 4 59
26 20 52
76 26 50
78 17 33
15 28 43
27 47 18
36 29 34
21 27 16
34 4 36
13 10 9
83 4 11
10 23 51
7 2 31
6 4 41
6 15 54
60 47 49
1 15 6
42 11 7
30 27 14
31 17 10
94 16 6
98 24 38
88 32 33
24 45 17
78 26 18
60 13 36
13 24 27
56 12 6
0 21 44
14 49 6
63 21 45
15 32 22
23 51 49
37 37 2
90 34 39
24 33 36
74 37 7
49 1 30
70 49 38
78 37 48
4 13 17
54 16 30
43 31 8
87 25 53
42 1 23
5 9 12
38 25 32
26 49 15
45 57 13
89 2 43
78 57 33
38 35 54
77 22 57
40 34 46
70 8 2
53 51 38
26 2 0
71 4 42
0 37 8
47 26 59
44 19 28
39 31 4
31 41 39
84 57 17
92 20 50
76 5 36
1 3 47
50 23 37
48 38 49
87 29 38
48 26 44
58 35 29
38 5 26
91 17 50
63 47 33
48 28 26
76 26 27
94 31 49
67 37 10
59 36 0
54 51 27
39 14 10
35 54 41
37 9 17
62 29 40
12 56 19
63 14 41
25 9 53
87 28 4
10 31 59
46 26 5
43 44 9
81 46 41
33 42 38
86 50 13
63 19 4
91 42 39
44 14 48
93 27 41
19 56 51
21 35 56
67 48 21
56 2 34
38 55 41
26 9 33
98 47 51
84 50 3
76 27 18
82 4 37
15 10 25
54 13 26
80 30 16
21 59 23
56 43 6
37 19 16
52 53 22
29 34 5
69 0 41
5 11 28
67 4 36
12 44 52
23 44 18
11 38 30
65 23 17
12 45 12
77 34 26
91 56 44
78 16 44
11 29 20
60 24 29
92 21 28
80 4 20
87 25 31
28 5 14
86 41 56
10 6 21
30 27 31
87 6 54
87 5 59
11 3 47
95 58 27
0 51 27
11 6 14
94 47 49
21 26 46
92 3 59
22 22 46
92 15 49
33 1 54
43 20 31
15 6 32
73 47 4
52 9 58
55 11 44
47 27 10
18 5 38
52 52 6
29 47 43
3 53 24
48 5 2
61 2 13
91 46 45
37 4 30
50 1 35
12 37 0
24 38 43
39 25 47
35 43 22
34 8 19
97 11 52
59 52 8
75 21 21
84 48 0
36 54 24
98 45 22
19 42 45
51 47 14
56 58 14
40 16 3
79 4 57
76 5 36
41 57 11
11 32 58
69 45 12
44 3 3
32 49 55
14 33 2
47 41 24
90 24 12
23 43 31
10 56 19
15 18 32
8 54 53
70 58 32
65 32 20
54 38 45
40 5 59
13 16 14
78 51 16
25 52 9
67 14 19
69 26 54
94 59 35
52 23 49
18 51 20
4 9 31
27 17 15
97 12 38
91 28 2
58 22 3
28 10 19
1 25 2
17 26 15
3 5 36
46 1 17
89 18 56
21 18 4
97 47 4
90 56 32
37 50 29
15 47 41
28 27 49
27 10 22
49 45 38
93 58 8
48 31 35
21 0 52
1 22 57
42 25 20
65 58 20
7 40 52
88 10 25
69 45 56
36 48 30
62 49 57
84 58 25
90 43 44
27 21 17
1 3 17
90 34 27
34 28 30
74 45 29
3 28 47
83 18 21
59 44 27
65 52 28
48 9 43
84 31 7
50 57 41
63 23 52
51 14 9
91 24 42
61 38 27
90 59 9
29 1 23
94 21 16
10 35 10
45 0 25
69 55 2
26 0 53
97 29 25
72 59 7
86 3 21
92 58 14
25 48 55
1 51 13
19 32 33
28 22 6
44 36 26
5 45 6
58 9 20
54 41 53
25 53 31
58 15 5
21 6 39
6 34 28
90 15 7
89 30 44
75 26 11
22 5 38
23 45 54
92 35 4
36 41 36
49 50 15
45 2 36
27 27 18
41 46 22
83 5 44
59 26 44
32 59 36
39 26 30
67 6 43
9 10 52
77 25 32
85 52 0
97 13 9
45 17 56
31 9 54
79 54 58
21 27 2
35 26 15
54 9 47
62 39 54
83 14 28
90 48 31
86 8 46
53 14 3
9 35 24
0 33 37
87 24 37
74 36 5
40 34 22
47 46 48
0 41 3
77 38 13
91 19 47
14 26 32
17 34 22
59 10 52
85 56 57
63 24 33
8 40 6
63 13 0
96 11 18
69 38 19
93 16 1
71 54 32
3 29 40
15 27 50
44 35 31
37 9 44
10 28 9
13 30 36
28 6 8
90 35 19
56 34 58
66 9 49
56 41 27
27 58 7
56 57 53
36 17 35
16 39 48
59 45 47
80 34 11
0 52 50
95 38 0
33 37 3
81 42 41
76 48 14
31 48 54
44 57 30
37 55 57
65 5 39
17 26 52
58 57 43
98 37 33
48 42 47
53 46 3
22 55 19
62 39 50
84 3 4
4 3 28
44 24 12
94 20 52
37 52 26
56 38 28
63 42 38
35 31 42
5 49 15
1 54 37
77 32 56
96 11 37
53 51 5
73 33 11
85 57 56
71 16 49
86 18 48
40 24 1
68 3 10
90 31 50
57 19 19
66 5 29
35 30 36
3 5 49
75 31 56
45 52 37
98 58 12
4 13 11
39 38 59
40 25 3
89 36 19
23 43 6
34 22 2
5 57 34
37 15 33
25 45 3
8 24 34
52 1 11
80 7 40
70 42 10
2 38 11
68 18 53
77 19 57
74 26 32
1 22 33
55 31 45
47 41 26
1 58 47
56 12 42
35 6 56
44 34 39
63 28 44
24 28 59
17 3 20
34 23 53
12 37 52
12 21 44
73 51 43
24 42 24
55 36 38
13 4 13
60 11 5
84 24 21
21 19 18
78 52 22
82 9 21
24 51 9
14 38 54
30 32 57
44 8 12
96 29 35
64 59 27
85 48 52
20 35 27
70 29 55
31 2 4
86 25 59
21 56 6
74 45 17
36 57 5
22 8 8
36 6 5
60 41 41
65 11 6
45 31 58
51 53 22
14 5 27
30 54 15
85 16 38
0 10 17
44 14 12
49 13 24
50 35 18
88 21 4
8 21 0
6 23 56
40 45 14
92 45 14
15 7 56
14 22 18
97 39 24
73 58 35
98 10 44
33 26 3
33 6 4
83 30 26
80 28 25
68 13 36
94 10 59
14 28 2
50 0 1
30 14 11
39 33 35
1 53 35
97 30 28
70 28 41
21 28 20
24 43 15
4 29 45
6 44 45
76 56 9
22 1 31
85 39 6
93 10 25
65 6 2
53 42 39
98 36 55
23 31 36
70 57 35
28 22 58
22 32 3
2 29 56
8 12 1
20 29 54
27 1 57
29 13 25
52 29 18
32 31 11
29 56 6
98 35 34
78 8 2
95 21 49
22 29 7
73 54 32
93 18 19
46 55 50
17 26 16
33 40 42
35 25 10
90 35 59
85 48 44
54 25 4
59 6 45
92 7 2
23 32 23
46 41 1
13 4 41
1 13 37
47 4 40
19 23 41
42 15 22
6 6 48
90 59 43
24 5 56
94 23 22
86 49 48
0 8 10
70 9 59
78 35 57
20 41 33
22 46 8
53 46 3
98 25 33
31 58 26
44 30 54
38 8 28
41 6 58
62 20 22
62 0 8
94 37 29
91 19 16
65 0 22
75 1 7
13 1 20
17 20 46
22 49 39
55 11 26
74 23 45
95 30 2
0 5 5
3 45 7
18 53 7
69 48 48
81 0 3
12 14 14
56 47 17
98 43 13
21 49 26
75 4 31
14 15 49
50 30 17
32 19 59
56 22 43
83 50 57
46 38 18
91 37 39
6 5 31
69 45 40
53 3 4
16 32 51
15 54 52
82 45 38
66 15 36
79 0 9
16 45 49
35 37 0
6 49 34
70 39 0
77 5 33
88 9 57
37 43 26
17 19 5
55 12 17
2 30 37
27 38 26
45 26 26
56 25 11
21 13 46
43 59 58
90 45 59
23 9 38
49 48 53
95 28 20
4 52 36
85 6 38
12 54 33
6 14 27
3 28 59
93 15 15
56 43 57
27 59 59
18 30 42
51 50 35
36 45 30
42 56 51
71 50 55
49 57 26
54 34 0
6 47 43
77 57 44
83 57 50
1 57 7
72 59 23
38 42 57
23 34 40
76 14 46
78 39 25
39 42 41
96 12 52
20 14 43
62 11 45
90 36 58
28 18 34
33 26 50
89 0 29
52 35 19
4 2 50
83 31 46
0 28 5
18 38 26
38 50 4
63 55 40
94 3 53
85 21 36
57 46 36
30 17 6
64 59 40
94 11 39
8 38 2
91 48 23
24 7 20
79 54 26
67 12 42
54 1 56
91 56 12
66 12 10
94 56 11
41 40 40
7 41 29
54 44 59
47 54 52
26 41 7
27 49 11
21 22 52
9 47 49
42 49 21
34 44 8
71 26 33
1 42 14
66 12 45
84 50 24
29 37 17
98 1 27
36 0 23
91 57 6
59 18 42
45 57 53
23 23 22
74 9 3
49 0 15
81 39 44
27 15 4
84 25 22
72 41 9
64 54 21
78 10 15
10 45 9
53 50 1
87 5 26
31 51 31
60 54 11
53 57 43
89 22 54
83 37 44
20 15 47
75 57 20
68 40 58
68 20 15
3 44 57
39 46 18
26 21 20
50 45 9
17 13 10
8 42 27
28 25 24
66 27 13
30 37 38
22 0 44
17 17 45
4 55 58
70 31 27
22 48 28
97 33 50
18 9 11
70 21 15
58 5 46
80 4 0
21 33 39
84 8 42
15 2 35
62 37 42
81 9 34
90 21 52
75 8 59
30 44 40
79 25 33
12 16 3
12 7 49
50 6 32
29 16 53
10 37 12
95 13 47
19 5 11
90 44 46
71 22 5
85 44 2
74 59 50
37 49 25
33 20 54
65 13 53
44 35 18
60 36 11
35 34 56
71 40 51
88 14 44
81 31 26
49 32 21
32 4 47
66 38 53
96 12 56
63 12 14
82 14 40
50 36 13
47 58 12
18 54 44
58 40 27
21 54 12
11 12 2
93 48 11
40 4 47
39 13 23
26 6 25
39 6 44
32 23 15
66 32 7
57 44 53
42 10 14
56 1 27
68 17 5
15 3 36
72 25 37
70 0 29
90 4 58
49 12 36
0 9 2
4 42 17
64 59 11
22 33 11
53 30 45
62 54 2
79 38 9
18 20 13
74 57 49
31 15 0
35 22 9
54 20 14
78 12 50
46 37 58
30 4 4
30 1 0
98 54 28
75 59 15
60 2 17
13 14 27
5 22 5
42 46 27
8 24 54
31 50 56
80 9 36
26 26 41
45 45 46
38 4 18
61 20 10
22 4 23
44 45 48
91 14 50
76 33 53
95 7 23
73 8 31
27 13 26
50 21 58
5 14 56
85 1 33
43 25 2
52 53 32
47 45 23
51 1 51
10 29 28
5 5 7
18 10 32
71 50 4
87 33 9
87 46 22
20 10 1
24 54 2
19 53 25
71 43 57
89 25 25
73 31 34
90 46 52
21 58 34
80 38 7
49 15 47
41 24 4
58 18 44
42 44 24
98 9 54
61 52 54
18 11 50
18 49 23
72 5 10
94 39 33
52 27 55
10 49 27
61 50 52
1 48 53
3 55 48
76 27 12
35 0 55
32 23 24
87 3 16
2 3 59
74 21 49
47 32 8
18 4 12
10 20 10
69 55 53
69 25 20
94 19 10
44 55 44
76 52 41
64 22 51
48 58 24
3 38 33
74 33 45
76 5 53
22 26 15
63 6 11
40 51 36
3 19 46
54 35 20
97 40 10
77 2 11
53 52 57
31 49 49
69 2 41
23 56 21
37 16 52
3 44 16
5 28 39
93 21 27
47 57 6
64 9 47
2 13 4
28 8 52
2 32 30
83 18 32
85 23 20
55 52 23
76 41 26
38 1 50
23 2 7
29 2 19
63 37 40
45 42 59
6 22 43
91 18 31
74 39 17
81 20 56
15 40 17
89 20 48
42 25 32
49 55 27
80 11 35
35 6 57
92 12 28
62 32 19
52 1 16
58 3 42
41 7 53
48 15 45
25 28 34
25 10 0
9 31 30
98 53 42
20 28 18
56 52 40
59 40 57
35 32 11
31 11 4
47 15 29
16 3 4
96 16 56
8 38 37
20 37 29
76 4 32
91 44 17
16 41 2
9 41 2
5 17 41
52 10 39
46 21 43
46 40 2
33 45 47
41 49 33
38 56 52
61 0 57
88 5 44
79 48 39
76 51 17
91 25 8
87 8 43
21 30 40
31 51 55
53 33 58
73 49 31
81 39 40
85 28 2
67 54 0
38 31 35
65 4 0
38 7 9
52 47 16
78 17 29
4 15 14
65 26 0
12 5 11
58 54 25
33 10 6
73 15 54
14 43 23
66 14 19
66 13 58
68 46 28
83 37 38
82 54 31
1 48 37
68 21 33
10 13 50
56 36 11
60 12 57
75 11 58
46 47 2
57 10 44
17 53 30
3 47 46
24 49 32
7 16 50
25 2 35
79 35 30
37 39 26
17 5 32
87 33 5
34 28 59
50 52 43
10 4 53
45 59 32
40 57 49
0 37 1
65 12 59
4 31 43
84 53 7
56 14 14
82 10 31
57 3 52
36 9 45
52 26 44
23 16 17
71 52 46
49 17 19
5 47 22
75 18 5
12 24 31
2 50 58
43 57 39
81 33 38
87 29 51
19 19 3
6 25 2
51 50 29
75 47 38
74 8 57
64 50 5
8 53 26
67 56 58
35 34 44
75 40 14
15 33 20
48 40 18
59 7 38
86 27 23
95 0 57
28 23 41
82 57 54
13 26 20
35 57 36
53 54 20
37 15 9
34 7 17
65 0 57
26 51 24
75 57 22
5 28 44
53 48 14
3 6 28
17 55 29
91 39 23
57 1 36
44 58 29
56 11 43
55 47 52
7 5 57
16 35 53
51 33 45
62 32 24
80 5 17
50 1 6
71 50 51
90 8 11
65 25 5
92 1 34
0 22 55
31 2 9
70 30 57
63 29 29
49 4 5
84 7 26
84 22 2
19 52 27
31 3 26
0 21 58
86 33 35
9 50 30
53 35 47
33 32 50
68 41 39
79 36 6
29 5 52
24 4 4
91 43 34
77 29 56
18 56 47
86 3 57
89 54 13
2 26 10
53 50 43
21 1 23
2 48 20
48 45 22
29 31 9
13 40 8
63 57 36
79 55 21
73 14 13
6 46 3
22 2 7
29 21 26
45 46 52
82 34 21
44 12 17
18 21 29
92 30 16
19 1 4
6 18 3
97 21 40
83 32 20
28 1 46
37 15 54
43 20 44
12 5 1
17 34 56
13 27 59
32 15 5
46 34 42
10 44 39
1 17 17
71 0 46
6 59 16
7 34 46
35 25 9
17 3 56
64 26 11
34 35 10
5 45 0
36 51 11
76 22 50
17 40 26
25 15 52
76 27 26
92 39 39
46 10 21
37 11 48
17 6 22
4 52 39
77 13 16
0 45 40
38 40 13
95 6 19
73 35 25
67 22 32
0 12 20
66 27 21
55 9 33
13 11 35
6 0 25
77 29 35
67 13 4
61 57 35
93 25 11
65 44 50
29 52 32
57 9 48
89 33 2
40 19 29
88 22 55
5 18 16
70 50 11
47 16 47
53 29 52
28 4 32
42 5 53
75 30 34
46 21 45
1 31 51
10 43 18
51 18 18
48 55 29
98 54 31
14 46 55
70 42 54
45 43 11
39 19 0
75 55 30
71 39 41
89 9 20
57 47 41
3 5 7
62 7 54
41 15 14
75 0 59
94 6 41
52 14 9
46 34 32
26 28 16
13 43 9
32 10 49
21 41 35
25 16 55
63 7 22
96 13 27
86 45 59
37 45 10
42 31 34
87 45 4
26 42 50
83 9 25
86 40 36
71 58 35
56 18 22
24 6 1
81 38 6
16 50 25
31 40 49
66 50 44
11 55 19
75 15 25
33 33 12
22 50 30
1 41 51
36 41 47
62 14 15
45 14 37
18 4 12
5 0 46
45 21 25
68 52 50
21 55 9
53 14 21
96 10 44
54 44 18
19 18 22
48 2 22
1 21 11
89 47 18
54 56 37
0 57 10
20 9 52
79 28 54
20 41 48
3 18 35
11 23 13
9 9 56
33 57 9
31 25 6
74 44 29
85 51 48
6 33 29
72 36 49
44 32 42
6 58 59
85 24 34
63 42 3
84 24 27
17 40 12
63 12 39
6 54 23
49 3 34
25 33 49
31 58 45
54 3 2
13 57 9
97 55 27
35 15 28
46 1 37
75 59 37
91 57 44
37 50 24
72 40 44
18 15 37
65 1 1
96 53 58
85 54 34
31 38 15
52 51 47
42 14 17
27 54 58
90 13 42
31 42 37
56 42 25
29 28 31
62 50 15
62 3 40
95 5 44
19 40 46
63 57 41
89 45 21
60 1 48
48 22 34
6 29 26
7 22 17
66 31 55
36 59 36
58 59 17
18 3 34
44 28 1
70 45 37
95 5 4
34 7 16
37 1 41
90 21 29
2 49 50
69 31 17
70 2 7
68 39 43
31 43 23
70 47 38
23 30 6
31 38 0
1 41 47
34 58 16
41 40 32
83 13 12
20 11 57
8 57 4
26 5 41
50 27 24
0 10 26
40 35 20
23 28 42
67 36 6
0 14 53
15 37 3
96 55 49
47 55 59
64 12 55
85 42 2
76 15 5
28 0 16
19 45 5
80 18 39
35 57 29
46 33 56
25 26 17
40 53 55
53 42 10
57 15 10
3 18 32
71 32 14
73 10 4
41 16 25
44 1 6
4 38 53
91 30 36
1 2 28
8 29 25
54 14 3
52 36 34
73 47 40
91 6 2
15 2 44
35 11 16
2 5 49
53 5 54
71 17 40
19 1 26
85 28 18
10 12 22
77 10 2
88 14 41
45 32 36
67 8 55
31 22 17
76 3 21
32 13 14
78 20 45
52 31 19
31 31 42
79 5 18
60 0 5
26 11 41
42 33 49
81 7 28
12 45 34
41 8 37
15 38 10
9 33 47
26 13 16
13 17 44
14 35 8
54 39 53
40 34 51
44 45 42
16 41 45
40 0 5
40 31 16
8 2 44
47 20 45
79 16 13
18 8 53
91 23 45
11 48 2
37 4 51
76 40 48
55 0 14
44 2 17
95 19 48
80 15 33
11 40 40
25 14 16
92 38 30
78 13 10
65 16 21
67 40 36
96 45 7
46 5 19
27 31 40
11 1 6
71 33 46
74 35 35
29 29 29
6 39 19
18 34 5
77 41 35
21 5 57
21 9 23
76 2 44
96 46 43
69 33 7
41 13 52
94 49 56
6 50 42
1 54 10
66 52 33
81 3 52
67 57 5
8 26 56
18 21 2
0 27 48
67 35 3
96 5 29
61 59 45
88 0 54
91 23 4
77 56 14
47 35 18
44 33 17
70 18 27
48 31 57
26 19 17
61 10 28
39 48 57
75 52 17
44 40 35
52 53 33
42 38 19
94 59 29
22 5 37
66 4 37
42 1 59
78 46 38
48 23 24
97 26 32
26 11 3
29 19 23
6 31 44
65 37 4
80 21 36
6 20 16
69 37 11
40 54 37
2 32 41
95 41 8
2 21 5
68 7 50
95 57 16
28 34 46
77 3 43
33 15 4
86 47 53
95 54 48
10 54 16
62 4 2
13 3 41
90 36 18
34 11 2
26 0 13
71 56 55
38 38 58
18 37 45
87 10 38
93 6 21
10 30 32
85 25 55
53 43 56
59 56 3
71 56 37
16 0 52
36 26 42
27 18 55
94 23 19
49 8 28
75 37 0
78 31 2
86 29 13
74 39 0
95 59 12
96 43 48
72 39 58
23 42 29
55 51 24
98 32 25
1 32 18
10 46 13
62 8 17
15 49 26
70 9 46
3 37 26
13 25 21
49 59 4
26 16 51
33 34 12
92 35 25
0 24 0
28 45 27
28 38 42
86 5 8
0 31 32
20 38 40
45 35 40
29 36 43
7 24 52
67 17 29
6 28 53
9 40 18
60 39 18
7 38 2
67 49 13
23 43 27
73 59 12
10 9 56
56 32 4
70 10 47
0 12 48
40 47 35
64 10 42
95 12 46
45 47 57
1 14 7
53 21 44
29 0 12
68 11 39
88 35 13
37 14 2
80 3 29
57 10 0
34 31 10
46 58 27
65 54 19
94 23 33
50 9 6
95 50 37
0 29 46
43 58 56
85 10 15
0 1 10
83 33 17
97 26 52
68 39 56
27 48 38
5 30 33
87 11 42
9 1 54
32 59 32
76 52 27
95 35 7
84 41 51
34 18 55
58 14 42
31 55 31
47 23 24
69 28 49
63 49 57
50 18 51
74 23 16
54 2 8
51 57 58
53 5 7
75 26 51
40 13 24
54 44 55
76 24 5
10 34 52
38 35 19
23 45 57
77 41 54
44 33 21
50 44 56
35 4 10
85 29 20
66 45 37
9 23 0
73 20 39
92 5 3
88 15 29
24 16 25
31 10 29
86 47 6
19 27 27
35 43 36
79 32 21
21 24 12
86 24 54
42 29 31
43 14 35
69 16 30
85 47 40
4 39 43
79 53 52
87 16 4
66 40 12
31 13 23
91 58 46
38 43 15
58 5 39
93 32 30
13 4 47
89 34 20
35 43 35
69 47 9
49 5 7
2 35 34
26 28 24
41 33 30
9 51 37
10 32 38
67 8 29
1 14 15
71 4 33
78 40 40
93 37 26
12 42 29
69 28 19
57 38 58
96 18 11
55 39 54
77 46 2
50 23 11
31 44 17
18 10 29
75 9 59
28 30 43
69 46 51
46 26 12
35 46 8
17 42 46
20 9 37
37 29 7
94 13 39
76 53 26
65 35 2
40 21 31
81 40 58
84 40 15
44 13 34
40 20 53
64 44 13
91 58 11
62 58 55
63 38 17
73 8 29
68 9 35
57 43 16
3 20 24
16 12 17
0 59 34
78 12 14
84 18 57
32 1 15
59 58 35
46 59 4
96 45 58
63 32 8
31 55 48
87 46 50
61 34 57
25 22 47
18 21 58
83 44 58
64 0 3
8 49 42
52 43 40
69 8 52
76 24 52
84 14 33
92 5 25
77 19 21
37 3 34
92 22 21
52 14 42
67 0 45
22 50 50
11 48 23
44 39 21
18 27 12
53 44 54
63 50 39
40 51 17
52 49 59
58 48 22
96 20 40
65 14 40
26 27 15
38 13 47
40 3 15
10 47 27
23 14 21
33 27 54
27 35 8
32 46 56
16 4 51
88 1 49
53 21 8
6 12 37
68 5 38
21 39 37
88 12 4
97 0 34
15 50 18
56 12 5
28 56 50
93 16 8
69 56 32
35 51 48
58 24 51
66 21 55
87 24 32
22 45 37
37 45 39
50 11 25
69 44 59
37 24 47
75 41 25
10 50 58
36 4 29
7 14 47
64 1 45
61 2 16
37 34 27
94 55 0
83 45 11
8 4 21
19 30 6
93 42 5
74 0 56
88 28 51
32 20 9
37 21 22
2 25 10
64 54 36
3 53 14
5 42 41
63 52 12
87 5 10
51 25 59
85 0 53
92 31 26
62 46 55
55 22 41
30 56 1
50 15 18
27 32 42
12 17 34
47 51 11
69 12 3
35 28 46
29 48 36
78 17 20
19 58 37
37 34 20
81 14 4
42 13 5
47 55 38
19 26 23
4 47 14
15 15 0
90 40 4
52 24 57
92 34 45
32 21 17
50 10 3
67 13 33
50 54 22
15 43 18
85 45 4
61 38 46
32 19 29
21 43 50
37 12 21
3 4 44
36 0 6
5 2 1
60 18 53
79 31 28
98 22 0
32 53 42
83 58 0
18 13 28
38 29 3
21 24 24
96 4 58
84 29 33
36 18 4
