77 77 540
1 3
1 13
1 19
1 32
1 48
1 54
1 61
1 63
1 65
1 69
1 71
2 5
2 25
2 33
2 47
2 59
2 65
2 73
2 74
3 24
3 38
3 57
4 1
4 29
4 48
4 52
4 62
4 72
5 5
5 11
5 28
5 42
5 50
5 62
5 63
5 70
6 7
6 10
6 21
6 27
6 30
6 33
6 38
6 40
6 51
6 65
6 74
7 8
7 9
7 14
7 17
7 24
7 29
7 37
7 38
7 46
7 49
7 54
7 56
7 67
7 77
8 10
8 15
8 32
8 36
8 38
8 39
8 47
8 77
9 1
9 34
9 63
9 68
10 20
10 24
10 26
10 38
10 41
10 66
10 67
10 74
11 33
11 35
11 48
11 67
12 59
12 76
13 5
13 18
13 39
13 45
13 56
13 64
13 77
14 11
14 12
14 14
14 23
14 27
14 36
14 65
15 9
15 12
15 18
15 19
15 22
15 30
15 32
15 36
15 39
15 59
15 71
16 2
16 4
16 26
16 36
16 41
16 46
16 50
16 54
16 56
17 1
17 9
17 11
17 12
17 20
17 42
17 58
17 70
17 71
17 72
17 74
18 15
18 20
18 31
18 34
18 45
18 54
18 66
18 67
18 68
19 20
19 35
19 37
19 40
19 51
19 58
20 6
20 22
20 25
20 27
20 64
20 65
20 69
20 75
21 6
21 26
21 27
21 40
21 42
21 47
21 61
21 65
21 68
22 13
22 17
22 30
22 40
22 46
22 53
22 60
22 66
23 4
23 12
23 14
23 24
23 28
23 30
23 47
23 68
24 12
24 20
24 25
24 30
24 40
24 49
24 51
24 54
24 70
25 9
25 10
25 33
25 38
25 41
25 48
25 63
25 66
26 4
26 16
26 17
26 29
26 32
26 37
26 44
26 59
26 77
27 9
27 20
27 29
27 30
27 33
27 35
27 56
27 57
27 64
27 66
27 67
27 69
28 4
28 11
28 27
28 54
28 71
29 5
29 9
29 15
29 22
29 38
29 42
29 47
29 77
30 12
30 24
30 41
30 45
30 58
30 61
31 3
31 24
31 29
31 49
32 7
32 46
32 48
33 20
33 33
33 39
33 41
33 48
33 49
33 67
33 69
33 76
34 53
34 60
35 37
35 39
35 51
35 53
36 16
36 17
36 39
36 40
36 42
36 57
36 60
36 63
36 67
37 4
37 11
37 17
37 44
37 50
37 60
37 63
37 64
38 5
38 16
38 25
38 30
38 32
38 36
38 47
38 59
39 8
39 15
39 43
39 47
39 49
39 71
39 76
40 2
40 8
40 11
40 40
40 51
40 55
41 6
41 30
41 39
41 41
41 44
42 8
42 35
42 46
42 48
42 59
42 64
42 75
42 77
43 3
43 7
43 8
43 15
43 18
43 38
43 43
43 44
43 52
44 11
44 48
44 53
44 73
45 18
45 19
45 33
45 53
45 57
46 20
46 53
46 65
47 7
47 32
47 38
47 66
48 1
48 2
48 15
48 26
48 32
48 45
48 68
49 25
49 38
49 40
49 49
49 51
50 3
50 8
50 12
50 18
50 25
50 46
50 56
50 60
50 61
51 8
51 22
51 41
51 51
51 76
52 27
52 34
52 67
52 69
52 70
52 74
53 1
53 16
53 24
53 61
53 74
53 77
54 2
54 10
54 11
54 23
54 39
54 56
54 69
54 74
55 12
55 18
55 26
55 54
55 55
55 56
55 69
55 70
56 3
56 5
56 8
56 12
56 14
56 15
56 37
56 50
56 64
56 75
57 8
57 12
57 13
57 17
57 34
57 53
57 68
58 3
58 7
58 9
58 29
58 32
58 40
58 49
58 60
58 64
58 67
58 73
59 9
59 12
59 30
59 31
59 65
59 72
60 28
60 47
60 62
60 67
60 71
61 2
61 33
61 53
61 66
61 70
62 12
62 20
62 22
62 54
62 66
63 2
63 28
63 32
63 39
63 42
63 62
63 63
63 71
64 6
64 11
64 50
64 70
64 74
65 4
65 8
65 25
65 53
65 60
65 75
66 14
66 47
66 49
66 59
67 16
67 17
67 18
67 23
67 45
67 50
67 73
67 75
68 6
68 25
68 31
68 32
68 56
68 61
69 2
69 5
69 34
69 46
69 64
70 2
70 5
70 7
70 31
70 58
71 5
71 10
71 13
71 19
71 36
71 45
71 47
71 55
71 66
71 74
71 76
72 5
72 8
72 20
72 26
72 38
72 65
72 67
72 73
73 3
73 9
73 13
73 20
73 22
73 26
73 27
73 48
73 49
73 68
74 3
74 4
74 12
74 31
74 50
74 62
74 71
75 9
75 15
75 25
75 51
75 54
75 57
75 60
76 2
76 30
76 46
76 51
76 58
76 61
76 67
76 69
77 7
77 24
77 49
77 67
35 52
40 59
