20 20 95
1 1
1 3
1 5
1 6
1 9
1 10
1 14
1 17
1 20
2 4
2 5
2 9
2 12
2 13
3 4
3 6
3 16
4 4
4 7
4 9
4 11
4 12
4 13
4 14
4 19
5 5
5 7
5 11
5 14
5 20
6 2
6 12
6 16
6 20
7 9
7 11
7 13
7 17
7 18
8 2
8 13
8 15
8 17
9 1
9 2
9 9
9 13
9 14
9 15
10 2
10 4
10 12
10 16
10 19
11 5
11 13
12 10
13 10
13 15
14 1
14 2
14 4
14 15
14 19
15 5
15 6
15 9
15 12
15 14
15 17
15 20
16 1
16 2
16 8
16 11
16 16
16 18
16 20
17 2
17 3
17 12
17 15
17 20
18 4
18 11
18 12
18 16
18 19
19 10
19 14
19 19
20 7
20 8
20 9
20 10
6 18
7 14
