51 51 178
1 1
1 17
1 20
1 27
2 40
3 5
3 10
3 16
3 21
3 27
3 44
4 6
4 7
4 47
4 51
5 14
5 21
6 18
6 27
6 33
6 39
7 3
7 6
7 30
7 40
8 1
8 13
8 44
9 5
9 15
9 22
9 28
9 35
10 1
10 18
10 22
10 32
10 34
12 9
12 17
12 46
13 5
13 9
13 15
13 28
13 31
13 32
13 37
14 16
14 27
15 4
15 14
15 16
15 40
16 20
16 40
17 2
17 6
17 11
17 27
17 35
18 13
19 2
19 42
20 9
20 22
20 42
20 46
21 14
21 18
21 32
21 36
22 1
22 6
22 15
22 29
22 35
22 50
23 8
23 29
23 40
24 37
25 6
25 15
25 31
25 38
26 2
26 14
26 17
26 22
26 30
26 44
27 1
27 3
27 9
27 27
27 31
28 2
28 23
28 27
28 42
29 32
30 9
30 13
30 15
30 28
30 43
31 2
31 5
31 28
31 40
31 49
32 9
32 17
32 24
32 28
32 40
33 1
33 4
33 48
34 31
34 36
34 42
35 3
35 14
35 20
36 11
36 12
36 46
37 1
37 22
37 23
37 39
38 17
38 45
38 47
39 6
39 10
39 27
39 30
39 42
39 46
39 50
41 2
41 19
41 28
41 29
41 31
41 37
42 44
43 35
43 45
43 49
44 4
44 5
44 8
44 30
46 39
46 49
47 22
47 27
47 32
47 35
47 40
48 1
48 4
48 26
49 2
49 13
49 21
50 8
50 26
50 42
50 48
51 9
51 35
51 39
51 45
23 9
23 13
