36 36 458
1 1
1 2
1 3
1 7
1 8
1 12
1 16
1 18
1 19
1 24
1 25
1 27
1 29
1 32
1 33
1 34
1 35
1 36
2 1
2 3
2 9
2 11
2 15
2 16
2 17
2 18
2 22
2 24
2 25
2 29
2 34
3 7
3 10
3 11
3 17
3 22
3 24
3 25
3 36
4 1
4 3
4 5
4 7
4 13
4 15
4 19
4 26
4 27
4 32
4 34
5 2
5 5
5 11
5 18
5 22
5 23
5 32
5 35
5 36
6 1
6 3
6 4
6 9
6 10
6 12
6 13
6 14
6 17
6 19
6 21
6 24
6 25
6 27
6 28
6 30
6 31
6 34
6 35
6 36
7 7
7 9
7 17
7 18
7 22
7 26
7 27
7 32
8 1
8 4
8 6
8 10
8 13
8 19
8 20
8 21
8 24
8 31
8 36
9 1
9 2
9 3
9 7
9 9
9 10
9 11
9 14
9 18
9 19
9 20
9 21
9 22
9 25
9 27
9 30
9 35
9 36
10 1
10 9
10 10
10 11
10 12
10 18
10 21
10 25
10 26
10 27
10 28
10 34
10 36
11 8
11 15
11 17
11 23
11 28
11 31
11 33
11 34
11 35
12 6
12 9
12 14
12 15
12 16
12 18
12 20
12 24
12 28
12 29
12 31
12 32
12 33
12 35
12 36
13 3
13 5
13 9
13 10
13 12
13 14
13 15
13 17
13 19
13 21
13 23
13 26
13 29
13 30
13 34
13 35
13 36
14 5
14 11
14 19
14 25
14 29
14 30
14 32
14 33
14 35
15 3
15 13
15 17
15 22
15 23
15 24
15 25
15 26
15 29
15 30
15 34
16 1
16 2
16 3
16 5
16 6
16 7
16 10
16 15
16 19
16 20
16 21
16 22
16 26
16 27
16 28
16 30
16 31
17 1
17 2
17 8
17 18
17 24
17 26
17 27
17 29
17 30
17 31
17 36
18 7
18 15
18 18
18 20
18 21
18 22
18 24
18 25
18 32
18 34
18 36
19 2
19 3
19 5
19 7
19 15
19 17
19 19
19 25
19 29
19 30
19 32
19 36
20 1
20 6
20 7
20 8
20 9
20 12
20 15
20 17
20 19
20 23
20 24
20 26
20 31
21 3
21 6
21 11
21 12
21 17
21 18
21 23
21 24
21 28
21 34
22 5
22 9
22 10
22 11
22 12
22 15
22 26
22 27
22 29
22 30
22 32
22 34
22 35
23 1
23 2
23 3
23 7
23 8
23 9
23 14
23 16
23 18
23 19
23 21
23 28
23 29
24 2
24 4
24 5
24 6
24 7
24 11
24 12
24 15
24 18
24 21
24 23
24 24
24 28
24 34
24 35
25 1
25 2
25 4
25 6
25 11
25 15
25 16
25 18
25 21
25 23
25 35
25 36
26 2
26 3
26 4
26 10
26 11
26 13
26 14
26 15
26 19
26 20
26 21
26 27
26 35
27 2
27 3
27 9
27 14
27 17
27 20
27 25
27 28
27 33
27 35
27 36
28 4
28 5
28 6
28 16
28 17
28 20
28 23
28 26
28 27
28 28
28 35
29 5
29 6
29 7
29 8
29 10
29 14
29 20
29 21
29 22
29 24
29 34
30 5
30 6
30 11
30 13
30 17
30 18
30 19
30 26
30 29
30 30
30 31
30 32
31 4
31 8
31 9
31 12
31 18
31 27
31 33
31 34
31 35
31 36
32 2
32 13
32 14
32 15
32 18
32 19
32 20
32 22
32 23
32 28
32 29
32 32
32 33
32 34
33 1
33 7
33 10
33 13
33 14
33 16
33 18
33 24
33 27
33 28
33 30
33 35
34 2
34 3
34 4
34 6
34 8
34 11
34 13
34 15
34 17
34 18
34 20
34 22
34 25
34 26
34 30
34 33
34 34
35 2
35 5
35 6
35 9
35 11
35 12
35 14
35 16
35 20
35 22
35 29
35 33
36 1
36 4
36 5
36 6
36 9
36 11
36 12
36 13
36 14
36 17
36 19
36 20
36 25
36 26
36 27
36 28
36 32
36 33
11 26
2 5
