54 54 435
1 3
1 10
1 19
1 22
1 32
1 39
1 52
2 21
2 33
2 34
2 35
3 22
3 23
3 34
3 35
4 10
4 15
4 19
4 26
4 33
4 35
4 45
4 49
5 2
5 5
5 9
5 16
5 21
5 26
5 36
5 38
5 43
5 49
5 52
5 54
6 3
6 4
6 12
6 25
6 27
6 41
6 43
6 49
6 50
6 51
7 1
7 3
7 4
7 11
7 13
7 27
7 35
7 40
7 41
7 54
8 7
8 17
8 22
8 26
8 31
8 38
8 41
8 43
8 44
8 51
9 9
9 24
9 28
9 36
9 43
9 53
10 2
10 9
10 25
10 39
10 41
10 42
11 1
11 22
11 39
11 45
11 53
12 3
12 17
12 21
12 28
12 33
12 39
12 43
12 50
13 2
13 4
13 8
13 18
13 24
13 29
13 36
13 41
13 50
14 5
14 30
14 40
15 1
15 2
15 4
15 7
15 12
15 36
15 42
16 4
16 5
16 10
16 15
16 16
16 18
16 23
16 38
17 21
17 23
17 25
17 26
17 33
17 36
17 48
18 3
18 10
18 11
18 18
18 24
18 25
18 27
18 51
19 3
19 6
19 9
19 18
19 19
19 23
19 25
19 29
19 51
19 52
19 53
20 8
20 10
20 28
20 34
20 36
20 44
20 47
20 52
21 5
21 9
21 10
21 13
21 17
21 23
21 27
21 30
21 40
21 52
21 53
21 54
22 2
22 3
22 4
22 10
22 24
22 28
22 33
22 54
23 8
23 9
23 17
23 44
24 1
24 13
24 24
24 25
24 27
24 34
24 36
24 37
24 39
25 25
25 34
25 35
25 45
25 48
26 7
26 10
26 11
26 12
26 19
26 25
26 27
26 33
26 36
26 37
26 39
26 41
26 43
26 48
26 52
27 9
27 51
28 8
28 12
28 16
28 17
28 18
28 30
28 40
28 43
28 44
28 47
28 52
29 3
29 9
29 12
29 14
29 18
29 40
30 5
30 9
30 14
30 19
30 30
30 32
30 34
30 50
31 2
31 3
31 4
31 6
31 14
31 23
31 30
31 32
31 34
31 40
32 5
32 16
32 21
32 24
32 27
32 43
33 1
33 11
33 13
33 22
33 32
33 34
33 37
33 38
33 42
33 52
34 5
34 20
34 21
34 33
34 45
34 50
34 52
35 5
35 9
35 14
35 22
35 23
35 36
35 37
35 50
36 3
36 19
36 21
36 29
36 38
36 43
36 45
36 48
36 54
37 1
37 14
37 21
37 25
37 29
37 48
37 54
38 14
38 39
38 52
39 2
39 5
39 6
39 16
39 20
39 22
39 25
39 27
39 33
39 40
39 44
39 50
39 51
39 54
40 6
40 9
40 18
40 27
40 29
40 34
40 35
40 37
40 39
40 42
40 50
40 53
41 4
41 11
41 23
41 28
41 41
42 13
42 24
42 37
42 42
42 43
42 44
42 50
43 13
43 18
43 24
43 38
43 44
43 48
44 3
44 19
44 23
44 30
44 31
44 35
44 47
44 52
45 6
45 10
45 13
45 14
45 16
45 17
45 24
45 28
45 29
45 34
45 38
45 47
45 50
46 4
46 7
46 11
46 15
46 21
46 26
46 27
46 32
46 42
46 43
47 2
47 6
47 9
47 11
47 17
47 20
47 23
47 25
47 30
47 42
47 50
47 51
48 3
48 8
48 26
48 30
48 32
48 36
48 37
48 47
48 54
49 21
49 29
49 35
49 36
49 46
49 50
50 2
50 6
50 11
50 17
50 19
50 28
50 30
50 32
50 43
50 53
51 12
51 18
51 22
51 27
51 29
51 32
51 37
51 39
51 50
51 53
52 7
52 17
52 20
52 24
52 39
52 44
52 53
53 3
53 11
53 15
53 21
53 24
53 30
54 5
54 8
54 14
54 21
54 22
54 23
54 25
54 26
54 36
13 33
24 31
