37 37 156
1 6
1 17
2 1
2 2
2 4
2 11
2 14
3 2
3 17
3 18
3 20
3 21
4 15
4 28
4 33
5 16
5 18
5 23
5 33
6 1
6 6
6 17
6 28
6 30
6 32
6 35
6 37
7 6
7 13
7 25
7 26
7 27
7 33
8 12
8 16
8 17
8 21
8 28
8 32
9 18
9 20
9 27
10 4
10 9
10 25
11 7
11 15
11 18
11 23
12 20
12 21
13 8
13 23
13 25
13 26
13 28
13 30
14 7
14 10
14 15
14 21
14 36
15 11
15 17
16 3
16 22
16 25
16 30
16 35
17 14
17 17
17 31
18 14
18 29
18 32
19 6
19 10
19 11
19 13
19 34
20 11
20 24
20 31
20 36
21 3
21 16
21 31
21 32
22 26
22 35
23 5
23 12
23 23
23 27
23 31
23 36
24 5
24 12
24 18
25 18
25 36
26 25
26 27
27 8
27 10
27 14
27 34
27 35
27 36
28 12
28 23
28 32
28 37
29 4
29 12
29 13
29 15
29 16
29 24
30 19
30 21
30 28
30 29
30 33
31 4
31 8
31 9
31 28
31 30
32 2
32 6
32 16
32 19
32 24
33 5
33 6
33 18
33 20
33 26
34 8
34 10
34 15
34 26
34 30
35 11
35 14
35 15
35 20
35 22
35 23
35 24
36 9
36 13
36 14
36 28
37 29
32 21
36 36
