2000 1000
167 830 11
813 424 75
936 927 18
307 331 17
580 640 59
266 5 49
944 79 23
501 593 68
56 557 44
340 575 95
169 438 53
944 812 71
871 381 84
553 749 19
193 507 77
549 856 8
628 878 73
572 298 16
480 341 68
407 288 23
844 192 63
655 614 83
36 849 79
784 667 49
291 495 53
498 902 97
727 574 46
24 541 73
717 8 96
356 883 76
547 745 82
512 479 77
361 157 31
27 57 18
874 862 54
127 858 96
53 403 93
593 927 19
953 23 95
835 950 11
931 283 66
761 459 64
270 641 75
678 211 35
539 564 14
397 559 87
151 403 13
430 973 17
804 567 10
753 877 14
387 542 100
197 457 30
837 532 42
399 966 11
962 131 89
872 169 79
274 334 27
599 550 30
165 711 59
42 824 62
935 123 66
392 704 52
275 46 100
240 8 88
723 648 87
891 827 48
224 105 72
774 534 97
484 392 95
660 53 60
134 170 53
838 673 39
235 372 30
594 260 4
242 546 96
420 145 70
524 616 60
58 713 84
449 759 57
854 618 92
23 222 51
48 761 85
419 690 74
678 246 60
575 393 5
720 262 98
687 21 17
399 356 41
510 464 50
127 56 50
701 658 55
461 394 30
502 319 77
99 830 95
491 935 25
104 632 99
477 101 70
184 741 57
648 142 7
55 991 16
64 46 95
458 827 95
128 303 55
958 197 56
244 473 55
875 972 97
975 541 53
67 797 29
560 804 12
551 671 11
948 665 65
774 359 29
428 513 38
624 521 65
97 627 22
420 575 17
312 627 92
109 507 18
264 571 37
286 281 96
951 398 98
309 226 97
174 215 22
694 979 49
672 53 25
246 369 73
873 912 92
731 782 3
301 718 63
582 213 78
979 963 64
556 659 14
122 481 74
452 81 99
856 305 92
577 977 15
488 420 61
621 823 85
338 37 15
903 515 68
865 630 49
875 695 79
707 420 86
788 319 59
92 262 10
421 877 66
840 89 42
14 173 81
51 339 2
917 806 91
898 206 93
592 936 9
11 221 84
329 979 90
591 541 29
819 606 73
907 599 93
79 431 84
769 532 98
575 323 100
780 367 16
716 276 65
288 411 56
619 252 18
511 881 99
468 305 89
66 797 7
848 832 13
380 529 43
54 628 11
772 995 37
399 259 69
809 466 36
413 684 23
645 582 93
949 422 3
97 80 70
928 644 87
457 638 35
436 400 66
783 737 71
393 205 42
859 92 93
894 266 1
827 59 13
600 713 9
679 835 57
322 373 53
311 759 81
710 876 89
446 46 76
2 340 58
445 32 3
711 884 13
121 149 6
185 57 84
19 266 83
744 218 61
502 450 34
378 490 96
775 966 5
466 575 3
849 577 56
733 789 1
233 246 11
641 529 31
906 411 15
476 323 86
925 908 29
415 803 82
380 408 11
306 810 86
883 565 51
23 117 52
269 27 84
149 409 68
560 976 8
234 561 66
494 241 41
296 422 65
55 685 31
216 370 62
133 872 68
249 223 2
276 658 24
684 677 44
11 337 93
571 902 4
163 942 89
937 258 82
621 989 78
990 802 84
213 569 100
788 570 32
445 946 80
122 941 7
810 733 43
711 788 53
4 77 24
613 210 38
601 639 74
755 123 94
323 822 35
245 653 48
542 84 35
482 791 31
567 533 4
706 285 13
134 960 23
344 798 78
982 571 91
456 965 43
277 699 97
281 998 72
717 84 16
507 615 9
39 970 90
675 783 8
635 657 14
784 887 47
354 377 42
670 819 24
721 368 79
70 239 8
154 706 40
120 714 56
89 555 62
223 963 52
880 76 79
766 674 65
494 616 48
312 891 53
31 621 75
269 628 47
974 268 16
687 975 69
242 837 40
556 440 29
631 70 51
656 334 82
271 733 99
161 486 92
782 260 56
761 458 86
380 373 7
355 794 80
543 333 19
334 313 12
404 516 67
737 597 49
470 148 4
307 839 27
918 546 87
375 932 20
747 290 33
892 269 12
577 639 18
889 250 60
404 768 94
353 916 97
500 72 85
338 498 6
236 436 12
519 508 29
808 340 3
428 903 2
67 821 93
668 280 21
436 425 10
703 973 13
126 258 65
623 363 16
59 127 6
918 455 41
257 510 59
511 663 66
331 707 93
963 328 11
739 837 79
712 101 66
321 718 68
35 833 94
161 638 68
968 678 78
477 236 95
491 953 3
197 98 14
524 308 96
360 186 58
813 851 97
530 571 60
714 416 80
352 883 14
381 761 27
969 907 94
273 310 22
370 575 12
678 170 8
863 728 84
714 376 95
636 735 7
51 414 88
933 479 2
45 705 5
952 250 37
613 623 5
187 486 78
356 546 47
435 129 76
810 423 39
896 882 4
309 869 39
140 922 89
196 678 73
798 815 18
420 271 69
906 1000 81
451 99 19
931 874 74
353 512 61
234 215 22
455 905 18
728 645 26
406 318 17
220 35 13
490 55 10
490 687 81
588 505 38
461 30 88
325 990 18
891 112 23
796 129 8
792 806 62
109 623 42
143 987 47
549 148 66
235 80 7
739 918 48
769 205 87
110 775 48
221 49 24
701 556 14
507 870 61
481 911 5
819 357 13
318 374 8
397 880 56
314 228 43
871 514 81
997 613 1
45 388 63
952 54 35
821 866 36
83 470 94
439 535 26
164 742 44
44 849 13
623 191 61
488 624 75
453 176 97
192 838 45
245 73 89
463 360 40
932 153 13
466 778 95
559 573 86
408 37 49
598 897 44
573 71 18
749 819 58
938 563 62
10 703 53
369 795 50
873 707 12
650 53 95
574 190 61
610 139 19
507 834 78
929 504 28
748 13 100
662 974 100
365 478 38
159 579 47
217 790 68
269 285 40
459 597 42
949 467 67
134 97 77
989 324 35
1 475 63
326 375 62
804 212 24
382 410 40
524 977 98
160 769 14
108 562 34
926 928 44
22 904 92
345 738 78
820 853 66
546 714 19
757 589 44
166 180 99
495 577 81
263 542 56
176 128 15
103 171 74
359 515 99
448 992 21
300 809 17
366 627 88
306 771 33
486 69 89
414 101 7
956 8 1
435 722 15
605 247 90
471 346 92
814 466 2
623 634 50
601 622 49
723 154 66
144 795 72
596 601 9
604 253 22
677 167 29
924 608 63
269 151 20
86 53 90
719 402 56
692 50 30
198 768 30
992 439 5
944 947 48
196 220 95
362 449 98
321 111 75
471 82 50
523 172 18
924 427 55
326 8 25
93 837 17
883 93 14
181 140 57
400 135 100
200 84 47
663 358 60
744 907 80
915 76 50
693 682 25
52 7 48
889 375 25
333 588 69
825 496 3
311 347 83
394 393 35
104 152 34
362 583 96
438 132 40
119 908 6
477 256 51
851 632 54
790 101 42
285 803 75
983 38 51
375 672 61
878 857 54
812 705 57
295 296 19
203 153 8
458 55 78
442 9 55
542 202 5
696 728 95
733 78 31
756 738 14
965 792 40
669 300 70
316 170 81
820 477 76
875 607 79
235 861 88
436 317 29
516 211 22
593 94 18
683 959 2
826 198 58
125 19 22
295 300 42
123 227 9
729 5 28
941 945 2
258 325 88
820 247 24
265 216 39
223 917 83
773 726 65
791 499 42
442 940 67
669 400 13
25 328 87
321 481 68
646 869 8
892 44 17
107 734 37
375 16 1
101 333 76
599 474 48
891 92 38
290 4 32
617 743 52
98 210 76
318 969 97
361 986 42
94 822 85
109 274 43
793 949 17
267 748 69
358 338 68
714 369 10
456 420 99
17 847 68
985 595 17
970 988 34
143 624 94
769 366 87
69 835 47
817 403 40
154 922 58
874 683 67
645 382 80
843 49 87
438 165 3
425 598 40
401 743 9
766 629 4
952 975 72
355 466 40
628 223 8
311 690 13
44 221 86
444 208 30
608 562 73
557 901 62
299 562 38
279 365 38
605 288 4
71 927 55
293 87 61
982 399 41
203 585 3
762 766 46
675 790 89
576 251 48
489 841 56
853 478 6
140 233 84
418 940 88
856 352 10
255 392 3
839 446 36
956 191 90
98 731 3
348 230 78
188 285 5
18 990 93
250 325 45
189 265 36
893 274 5
284 576 61
82 564 15
272 105 5
355 408 12
584 737 9
221 641 9
210 33 48
887 277 65
151 364 67
424 220 7
352 580 99
915 546 35
371 350 16
130 814 39
866 22 93
506 930 29
538 730 49
166 194 10
529 260 96
749 219 98
680 717 22
226 851 73
927 418 39
740 257 61
114 801 91
395 281 56
124 981 62
670 891 99
281 38 65
499 336 45
216 409 45
418 481 25
836 171 2
92 231 28
244 421 20
525 477 33
505 390 79
747 488 3
137 104 72
472 601 52
232 845 51
64 121 18
234 622 35
816 402 70
589 921 13
417 905 57
806 283 33
645 137 89
101 308 36
701 112 72
897 414 95
18 931 26
639 217 89
392 339 74
312 551 89
216 359 29
851 43 45
987 232 2
647 519 47
110 942 47
523 836 99
805 313 95
373 853 64
711 626 55
614 566 46
324 95 58
367 391 25
950 493 27
468 591 14
409 789 12
596 687 21
260 833 43
112 997 99
89 503 71
654 48 82
100 257 47
843 34 70
335 660 36
925 625 37
65 236 4
751 956 64
935 550 11
931 948 70
785 71 33
833 904 21
441 350 27
474 119 78
134 607 20
110 395 6
346 651 82
653 314 46
203 277 96
502 498 83
924 831 65
827 603 50
528 29 82
647 907 22
605 978 48
999 384 33
1 65 42
667 811 39
943 658 92
441 440 46
622 505 99
225 354 23
605 387 49
863 860 77
841 807 75
576 239 31
640 133 81
450 371 82
460 614 48
899 59 42
403 358 33
108 932 7
494 980 83
354 908 87
512 834 2
751 716 42
235 597 69
957 830 8
571 729 10
981 570 69
690 554 67
621 160 22
953 342 29
212 481 23
46 482 28
761 675 39
709 443 41
890 850 75
618 59 84
539 79 6
93 646 86
252 319 28
946 747 100
426 21 52
907 648 16
581 139 61
375 379 73
224 206 34
635 989 23
713 46 93
710 731 31
28 810 23
127 510 27
147 513 72
147 728 49
637 340 55
15 713 87
572 498 61
912 172 36
957 464 22
40 647 35
849 569 96
710 447 76
223 270 2
950 518 100
290 24 98
354 110 34
203 922 1
374 958 24
190 979 36
836 65 44
756 213 83
203 388 84
824 689 45
342 840 67
365 138 69
827 423 10
748 75 15
705 299 17
36 786 90
452 229 79
664 64 66
51 99 22
91 843 24
931 162 47
420 430 40
194 339 57
269 953 83
567 121 30
352 662 87
932 393 74
347 958 25
445 279 89
288 802 39
801 501 82
230 892 12
920 648 83
872 230 76
344 912 96
5 650 62
397 423 65
355 647 97
985 535 43
139 826 40
639 207 79
882 870 79
530 952 8
111 579 27
374 475 50
23 288 45
445 805 49
92 253 98
978 47 4
803 286 88
361 164 26
230 194 16
533 101 98
112 279 27
938 680 89
577 424 63
381 525 85
633 22 82
32 225 25
317 764 2
833 90 57
26 405 17
479 602 47
109 680 31
141 869 94
916 431 31
440 367 60
813 748 40
389 572 25
153 726 56
242 682 24
998 350 56
952 248 34
631 679 64
851 572 72
633 755 12
1000 514 80
747 5 19
671 129 32
396 636 72
429 460 24
778 467 17
26 852 15
704 715 66
627 39 48
381 502 99
894 881 31
899 700 82
379 683 29
367 54 51
826 930 46
644 46 26
496 160 3
562 577 80
600 625 83
102 523 62
982 405 42
33 287 88
715 267 86
121 917 16
50 314 82
95 139 59
607 93 3
183 73 50
807 107 63
681 768 63
86 810 64
724 449 97
990 634 30
258 901 96
923 183 68
413 993 69
505 447 64
577 748 22
684 611 4
451 73 63
612 988 43
60 884 80
45 165 3
298 161 44
832 980 53
824 849 75
271 164 87
18 85 92
980 188 20
52 450 3
39 745 6
275 124 69
439 579 81
951 374 25
931 427 74
779 753 5
942 140 29
378 383 51
565 202 20
367 57 100
111 714 3
234 982 42
164 662 68
538 739 6
316 112 9
68 317 39
559 697 69
293 699 62
847 718 39
903 69 55
968 472 21
949 265 31
611 332 17
701 189 32
812 997 69
480 87 84
176 307 4
226 468 62
944 358 7
364 813 53
835 633 7
451 916 74
782 784 22
323 815 84
319 736 84
758 971 48
64 274 79
884 488 55
241 994 32
405 698 75
38 304 91
305 877 25
88 750 76
254 234 9
989 769 31
960 468 2
585 647 59
72 353 74
417 284 57
114 511 98
417 101 2
645 877 91
395 752 47
980 113 34
748 795 88
568 796 28
214 906 87
918 80 72
201 136 95
63 785 12
163 839 77
40 929 94
143 676 38
607 861 32
402 300 63
549 728 11
455 466 30
534 789 95
21 536 12
806 347 64
644 623 27
924 668 41
951 358 80
812 441 75
463 504 81
542 666 82
8 395 31
148 689 37
683 900 22
381 663 94
356 841 99
23 182 94
380 913 70
173 787 20
676 620 83
341 853 98
735 635 39
775 871 46
26 992 46
688 486 28
881 136 9
62 782 64
974 703 38
761 574 70
380 609 42
232 106 17
219 144 9
89 542 95
433 87 69
270 666 94
757 274 33
890 589 13
592 927 74
518 996 48
126 237 60
231 505 91
726 113 74
267 807 92
705 627 33
965 1000 71
586 965 96
342 965 85
584 965 11
527 342 58
44 527 94
521 586 50
103 342 14
829 103 20
447 103 98
152 965 17
522 152 20
517 586 36
453 447 78
963 584 18
820 44 18
265 586 59
566 152 74
979 963 33
550 521 23
747 522 30
415 829 21
735 1000 6
822 820 74
151 415 69
169 447 11
138 151 21
348 584 34
322 517 27
206 550 67
828 979 57
857 322 21
230 735 53
935 828 37
909 828 36
29 909 7
339 206 42
359 29 94
545 339 25
371 169 6
989 152 85
846 206 26
166 415 6
170 965 7
606 339 10
494 521 82
300 522 42
641 566 2
786 415 35
11 170 21
568 339 39
852 169 65
629 359 68
986 857 57
392 747 7
702 453 84
435 702 52
728 138 30
930 435 4
64 230 48
337 371 33
927 930 63
691 545 10
210 339 26
418 586 48
576 629 14
712 963 80
163 828 85
344 965 28
799 152 33
898 522 5
631 230 80
396 64 55
957 170 80
375 728 79
950 447 93
661 576 72
175 641 8
870 641 88
668 550 20
360 371 48
66 265 92
813 586 98
770 957 78
144 418 56
445 166 48
458 963 71
632 342 79
854 360 66
873 337 37
790 375 13
889 103 81
701 586 78
470 661 7
209 522 10
430 854 67
364 210 50
407 641 3
291 629 76
754 963 65
577 632 54
465 66 86
467 418 35
500 747 100
708 209 61
489 470 79
853 950 28
611 489 83
901 898 10
7 747 26
583 375 79
48 965 16
565 965 31
551 435 52
502 392 87
862 898 35
440 230 68
220 364 14
455 583 11
81 853 95
454 435 94
679 144 10
722 870 61
913 7 62
164 586 76
903 786 67
607 265 99
872 44 5
501 322 43
89 342 48
207 606 78
40 453 100
156 371 12
992 754 75
967 175 14
734 440 72
71 458 43
110 40 6
610 901 48
698 371 48
256 440 25
296 950 24
451 501 36
672 820 62
646 790 43
411 339 16
782 144 40
25 722 21
982 435 66
381 465 26
28 568 46
953 668 85
876 935 1
63 862 61
677 209 40
619 63 3
86 451 37
478 828 80
998 440 85
15 71 39
292 927 48
737 1000 53
321 169 59
274 846 89
234 322 17
225 641 55
980 568 74
216 300 22
748 163 98
184 852 7
222 661 44
469 440 32
573 300 48
776 986 72
361 66 88
938 501 42
917 274 68
484 470 89
247 957 66
401 500 39
588 586 75
519 989 29
267 392 56
245 465 69
777 646 6
186 708 74
205 478 9
613 455 9
13 29 48
858 40 59
885 344 42
413 980 57
421 661 47
789 360 72
446 522 91
994 103 79
9 965 70
973 550 31
338 702 78
195 216 88
79 501 29
844 40 37
616 619 83
756 186 7
201 339 97
571 344 78
82 927 23
54 989 53
391 789 30
692 641 68
97 870 89
178 898 68
933 97 26
485 747 23
400 82 96
331 786 1
244 13 63
181 950 31
900 15 79
463 566 64
784 963 51
509 846 44
183 873 58
934 484 5
617 89 58
997 857 1
52 953 33
798 754 32
920 957 94
630 489 38
615 7 14
165 421 74
705 938 70
990 934 75
726 616 54
614 870 57
564 828 6
996 734 25
406 551 82
20 435 95
537 712 68
897 484 13
466 485 31
422 245 75
84 967 77
590 566 76
366 234 20
772 220 1
791 606 95
347 565 75
173 679 93
117 7 38
72 747 23
349 375 56
528 265 95
299 734 47
441 337 93
120 321 6
46 210 84
438 296 44
874 46 60
736 364 97
807 901 20
507 677 75
382 747 72
328 858 100
526 173 4
718 195 5
376 610 31
811 201 46
154 156 70
536 375 9
694 754 28
721 786 34
262 852 77
787 413 32
589 15 23
394 454 16
547 347 86
159 507 21
794 267 30
866 708 64
929 573 45
558 776 41
578 705 54
100 72 47
549 485 45
603 629 24
474 103 69
523 230 3
804 737 47
713 646 40
153 46 17
534 435 68
533 799 16
199 820 13
251 586 46
26 20 4
595 337 44
838 26 83
993 103 82
837 728 17
627 465 71
825 705 35
427 300 80
817 63 99
132 965 79
969 718 13
962 866 94
18 321 66
227 205 2
693 631 95
479 415 35
198 401 44
2 965 31
758 216 30
78 163 95
39 186 40
409 617 6
635 300 7
604 364 16
834 207 21
720 950 19
530 701 72
436 784 65
448 347 42
937 39 33
887 994 67
792 447 26
350 854 78
717 691 63
563 52 34
30 989 70
818 359 34
553 371 8
340 617 100
806 97 74
31 78 56
61 274 35
275 29 86
23 421 49
345 169 13
312 339 5
812 169 1
197 993 43
192 758 9
429 558 15
385 435 64
966 526 8
285 617 67
891 364 53
315 804 57
863 694 51
57 11 5
824 698 1
538 747 85
203 245 96
215 522 81
890 903 22
326 430 12
241 798 75
984 331 42
741 245 17
926 154 7
685 713 40
250 614 53
167 741 100
188 507 98
402 701 58
487 509 54
947 577 13
864 250 60
22 565 96
139 822 82
740 820 34
308 435 27
104 528 5
765 337 91
647 632 12
512 817 26
676 18 64
936 913 5
231 929 37
204 966 72
77 966 61
228 933 51
650 992 74
85 691 96
562 64 10
878 23 92
482 646 17
771 563 81
974 737 52
356 463 25
229 376 74
666 685 70
579 164 79
456 409 22
290 799 38
60 391 70
379 898 98
971 60 23
99 509 42
185 853 97
202 502 18
781 595 48
725 844 77
714 328 36
875 589 20
254 40 69
278 784 92
832 501 34
73 741 71
428 813 24
760 573 56
552 610 44
628 536 20
107 231 68
886 396 21
848 829 95
539 60 79
680 571 51
843 526 31
955 936 90
35 614 93
505 927 11
377 820 17
333 441 66
506 521 13
634 466 34
147 340 29
797 721 87
669 84 31
531 328 3
633 77 57
168 568 11
105 326 98
287 254 45
3 901 43
369 153 72
648 474 54
317 344 36
847 215 38
47 1000 96
5 66 48
109 737 97
520 552 49
459 526 48
336 120 92
541 517 49
177 28 15
462 445 97
75 929 75
535 181 71
762 29 23
861 379 81
32 837 63
719 740 54
259 692 54
69 522 29
882 31 25
557 986 31
683 521 47
593 804 76
915 470 33
696 770 38
341 736 79
208 929 18
36 100 22
264 85 96
796 466 11
769 205 75
543 502 99
476 166 1
65 666 21
757 534 99
964 934 68
999 435 89
355 228 31
129 901 13
249 565 39
239 825 74
119 132 30
346 571 78
408 110 53
752 220 67
386 825 53
330 702 11
76 705 51
801 938 69
126 533 35
471 104 12
888 366 81
233 35 66
320 340 51
219 685 27
240 448 94
190 299 43
12 933 6
14 934 10
805 829 42
114 672 13
149 693 56
367 371 83
657 169 10
896 448 3
556 735 95
850 326 21
655 247 86
731 748 42
654 568 55
43 110 1
932 655 2
948 566 58
868 806 61
49 769 10
662 5 47
143 278 100
918 937 94
304 680 79
839 49 68
374 164 50
602 290 55
363 287 18
695 190 58
266 798 37
483 207 10
461 178 36
480 530 61
62 186 25
883 25 39
508 411 9
6 811 52
431 641 61
268 927 74
174 915 69
272 606 51
733 360 50
214 11 98
761 461 28
277 854 27
730 517 82
87 173 27
943 822 50
157 152 99
727 576 99
488 756 78
314 119 34
504 22 11
194 361 49
200 75 66
704 31 74
977 661 71
814 872 17
960 71 82
904 28 60
449 822 60
362 903 50
709 806 1
636 966 66
706 31 3
108 558 1
599 792 27
162 299 28
849 897 61
925 441 57
743 11 70
729 408 74
835 175 92
260 504 95
942 812 54
102 46 100
433 198 88
809 997 26
113 535 95
724 479 90
112 786 60
38 870 14
193 864 57
532 702 48
707 164 56
908 201 37
658 500 76
399 925 87
499 207 25
905 120 69
609 60 58
518 207 55
218 599 89
373 100 48
510 199 11
759 760 21
171 374 78
670 102 54
689 456 34
412 590 94
270 214 24
975 369 4
134 719 15
554 771 57
665 79 45
739 909 28
939 245 49
703 366 29
10 126 73
101 677 100
859 117 10
221 29 25
842 583 4
442 134 57
477 847 45
301 476 79
281 435 62
503 338 43
626 173 46
970 576 64
808 453 58
310 480 84
529 134 19
213 13 17
452 101 79
224 367 89
352 547 62
645 609 29
59 770 17
826 89 2
255 936 25
585 173 21
261 198 25
742 505 37
841 291 60
294 501 5
581 277 58
723 170 42
248 359 89
472 680 37
491 411 63
598 736 6
961 900 84
687 488 88
37 713 20
514 394 96
795 290 2
158 255 35
125 714 25
123 918 99
511 350 18
515 602 7
403 717 14
145 760 8
865 554 92
582 13 99
303 734 35
921 694 41
237 739 78
972 669 6
8 563 96
21 576 2
258 466 94
671 177 31
398 630 41
952 256 52
700 903 68
67 143 20
481 965 18
150 908 12
924 975 68
127 411 18
559 671 49
334 846 61
768 193 61
780 57 88
443 868 94
306 153 27
923 320 32
140 713 90
745 709 12
773 943 71
959 213 76
753 506 69
58 850 47
513 631 13
788 797 44
279 883 86
690 127 37
1 467 72
569 734 24
80 262 31
802 762 5
879 583 99
106 125 12
895 588 36
404 825 26
282 648 25
912 470 45
928 208 83
732 818 17
881 598 87
783 948 31
555 399 39
191 64 88
24 742 3
305 536 68
395 401 50
16 483 94
115 272 52
855 103 45
419 538 12
95 953 99
944 896 57
318 315 32
976 530 24
945 103 84
663 661 63
546 938 92
907 808 74
591 491 88
493 865 71
755 838 67
130 556 96
988 679 69
131 16 86
45 484 47
954 469 80
253 755 49
298 385 43
623 138 33
19 360 7
710 175 35
738 903 87
280 487 88
182 403 89
764 753 21
323 360 37
450 63 3
612 427 25
444 60 78
388 789 78
135 360 96
96 280 19
416 465 3
319 802 46
651 900 82
624 281 58
217 769 28
492 86 87
931 694 11
810 647 67
968 452 63
643 47 11
985 392 65
180 60 25
116 522 59
922 822 62
335 193 7
252 822 14
916 713 79
567 234 34
625 528 34
351 784 19
622 889 21
880 6 9
302 203 96
681 199 15
324 753 58
574 628 2
785 308 26
118 177 88
836 65 73
774 241 48
750 470 25
51 557 70
711 139 65
53 508 59
397 360 22
309 29 77
525 20 62
160 967 60
464 908 90
642 982 28
516 254 52
816 999 53
575 364 83
27 477 9
716 787 41
684 215 91
496 936 34
778 944 25
223 695 35
902 843 5
142 335 38
751 622 41
121 28 51
93 549 49
410 579 96
597 477 3
17 252 61
490 281 63
830 170 100
674 210 71
899 52 37
856 223 11
715 651 14
639 367 45
620 742 14
699 171 87
956 220 23
800 613 87
141 250 10
749 178 16
257 279 23
524 312 20
638 386 51
246 519 74
766 909 70
332 912 31
372 932 47
92 428 94
417 904 21
561 805 18
697 710 9
548 504 39
357 490 12
196 23 26
353 352 65
608 112 76
232 108 30
940 438 93
179 175 55
124 776 59
656 541 15
845 257 58
263 639 20
981 359 38
911 913 97
439 620 10
176 417 35
678 610 50
833 549 84
390 938 74
605 92 22
941 853 63
659 524 94
570 472 89
894 44 84
621 622 11
667 882 60
316 982 41
354 222 66
775 11 73
424 7 100
542 141 66
877 379 37
978 507 72
653 38 74
146 348 90
949 923 23
133 857 21
644 706 36
91 152 39
414 278 13
560 684 24
688 560 83
437 878 19
682 676 28
393 684 93
744 63 74
596 901 52
288 820 47
473 956 47
840 524 73
34 500 39
271 967 23
495 87 46
33 676 100
468 394 37
74 757 30
460 555 78
327 262 46
803 480 97
98 174 76
958 789 81
869 377 21
137 478 93
640 759 64
819 681 51
358 968 48
83 970 27
70 948 75
313 429 42
649 829 66
370 778 99
823 684 57
572 175 61
242 471 66
600 547 64
41 267 83
187 778 13
235 554 92
540 543 94
297 613 50
815 589 6
295 220 30
236 970 90
793 297 93
587 267 68
884 350 30
4 691 68
425 24 49
827 180 11
293 206 54
497 242 24
983 8 22
189 590 86
56 489 91
387 451 41
155 433 3
307 78 78
269 754 99
618 697 70
325 105 91
893 244 83
311 785 28
329 1000 31
383 21 57
475 14 12
405 327 24
128 387 35
55 732 85
767 597 41
50 35 81
987 671 78
664 315 83
951 333 89
343 262 50
365 41 84
226 256 92
871 178 2
378 964 61
88 923 87
434 666 69
243 947 59
660 509 48
286 677 28
910 275 34
122 759 52
946 738 52
457 706 48
746 938 67
423 431 36
420 45 77
148 743 55
111 897 26
686 546 7
273 787 48
161 945 77
592 188 95
544 683 48
914 315 78
284 229 63
68 137 16
389 440 5
384 928 86
892 350 26
42 475 22
594 59 84
675 358 79
867 981 21
673 371 50
637 678 19
652 22 77
211 533 88
289 848 10
995 237 29
991 724 43
919 469 3
283 484 7
136 729 71
779 93 4
860 945 97
368 827 58
432 324 32
831 957 61
906 981 8
763 158 55
172 891 97
212 301 65
580 68 3
851 209 95
486 641 32
601 563 92
380 509 55
498 419 82
821 522 10
238 63 43
94 764 68
90 741 60
276 87 55
426 896 6
