946 44
1 2 3
1 3 4
1 4 5
1 5 6
1 6 7
1 7 8
1 8 9
1 9 10
1 10 11
1 11 12
1 12 13
1 13 14
1 14 15
1 15 16
1 16 17
1 17 18
1 18 19
1 19 20
1 20 21
1 21 22
1 22 23
1 23 24
1 24 25
1 25 26
1 26 27
1 27 28
1 28 29
1 29 30
1 30 31
1 31 32
1 32 33
1 33 34
1 34 35
1 35 36
1 36 37
1 37 38
1 38 39
1 39 40
1 40 41
1 41 42
1 42 43
1 43 44
1 44 45
2 3 5
2 4 6
2 5 7
2 6 8
2 7 9
2 8 10
2 9 11
2 10 12
2 11 13
2 12 14
2 13 15
2 14 16
2 15 17
2 16 18
2 17 19
2 18 20
2 19 21
2 20 22
2 21 23
2 22 24
2 23 25
2 24 26
2 25 27
2 26 28
2 27 29
2 28 30
2 29 31
2 30 32
2 31 33
2 32 34
2 33 35
2 34 36
2 35 37
2 36 38
2 37 39
2 38 40
2 39 41
2 40 42
2 41 43
2 42 44
2 43 45
2 44 46
3 4 7
3 5 8
3 6 9
3 7 10
3 8 11
3 9 12
3 10 13
3 11 14
3 12 15
3 13 16
3 14 17
3 15 18
3 16 19
3 17 20
3 18 21
3 19 22
3 20 23
3 21 24
3 22 25
3 23 26
3 24 27
3 25 28
3 26 29
3 27 30
3 28 31
3 29 32
3 30 33
3 31 34
3 32 35
3 33 36
3 34 37
3 35 38
3 36 39
3 37 40
3 38 41
3 39 42
3 40 43
3 41 44
3 42 45
3 43 46
3 44 47
4 5 9
4 6 10
4 7 11
4 8 12
4 9 13
4 10 14
4 11 15
4 12 16
4 13 17
4 14 18
4 15 19
4 16 20
4 17 21
4 18 22
4 19 23
4 20 24
4 21 25
4 22 26
4 23 27
4 24 28
4 25 29
4 26 30
4 27 31
4 28 32
4 29 33
4 30 34
4 31 35
4 32 36
4 33 37
4 34 38
4 35 39
4 36 40
4 37 41
4 38 42
4 39 43
4 40 44
4 41 45
4 42 46
4 43 47
4 44 48
5 6 11
5 7 12
5 8 13
5 9 14
5 10 15
5 11 16
5 12 17
5 13 18
5 14 19
5 15 20
5 16 21
5 17 22
5 18 23
5 19 24
5 20 25
5 21 26
5 22 27
5 23 28
5 24 29
5 25 30
5 26 31
5 27 32
5 28 33
5 29 34
5 30 35
5 31 36
5 32 37
5 33 38
5 34 39
5 35 40
5 36 41
5 37 42
5 38 43
5 39 44
5 40 45
5 41 46
5 42 47
5 43 48
5 44 49
6 7 13
6 8 14
6 9 15
6 10 16
6 11 17
6 12 18
6 13 19
6 14 20
6 15 21
6 16 22
6 17 23
6 18 24
6 19 25
6 20 26
6 21 27
6 22 28
6 23 29
6 24 30
6 25 31
6 26 32
6 27 33
6 28 34
6 29 35
6 30 36
6 31 37
6 32 38
6 33 39
6 34 40
6 35 41
6 36 42
6 37 43
6 38 44
6 39 45
6 40 46
6 41 47
6 42 48
6 43 49
6 44 50
7 8 15
7 9 16
7 10 17
7 11 18
7 12 19
7 13 20
7 14 21
7 15 22
7 16 23
7 17 24
7 18 25
7 19 26
7 20 27
7 21 28
7 22 29
7 23 30
7 24 31
7 25 32
7 26 33
7 27 34
7 28 35
7 29 36
7 30 37
7 31 38
7 32 39
7 33 40
7 34 41
7 35 42
7 36 43
7 37 44
7 38 45
7 39 46
7 40 47
7 41 48
7 42 49
7 43 50
7 44 51
8 9 17
8 10 18
8 11 19
8 12 20
8 13 21
8 14 22
8 15 23
8 16 24
8 17 25
8 18 26
8 19 27
8 20 28
8 21 29
8 22 30
8 23 31
8 24 32
8 25 33
8 26 34
8 27 35
8 28 36
8 29 37
8 30 38
8 31 39
8 32 40
8 33 41
8 34 42
8 35 43
8 36 44
8 37 45
8 38 46
8 39 47
8 40 48
8 41 49
8 42 50
8 43 51
8 44 52
9 10 19
9 11 20
9 12 21
9 13 22
9 14 23
9 15 24
9 16 25
9 17 26
9 18 27
9 19 28
9 20 29
9 21 30
9 22 31
9 23 32
9 24 33
9 25 34
9 26 35
9 27 36
9 28 37
9 29 38
9 30 39
9 31 40
9 32 41
9 33 42
9 34 43
9 35 44
9 36 45
9 37 46
9 38 47
9 39 48
9 40 49
9 41 50
9 42 51
9 43 52
9 44 53
10 11 21
10 12 22
10 13 23
10 14 24
10 15 25
10 16 26
10 17 27
10 18 28
10 19 29
10 20 30
10 21 31
10 22 32
10 23 33
10 24 34
10 25 35
10 26 36
10 27 37
10 28 38
10 29 39
10 30 40
10 31 41
10 32 42
10 33 43
10 34 44
10 35 45
10 36 46
10 37 47
10 38 48
10 39 49
10 40 50
10 41 51
10 42 52
10 43 53
10 44 54
11 12 23
11 13 24
11 14 25
11 15 26
11 16 27
11 17 28
11 18 29
11 19 30
11 20 31
11 21 32
11 22 33
11 23 34
11 24 35
11 25 36
11 26 37
11 27 38
11 28 39
11 29 40
11 30 41
11 31 42
11 32 43
11 33 44
11 34 45
11 35 46
11 36 47
11 37 48
11 38 49
11 39 50
11 40 51
11 41 52
11 42 53
11 43 54
11 44 55
12 13 25
12 14 26
12 15 27
12 16 28
12 17 29
12 18 30
12 19 31
12 20 32
12 21 33
12 22 34
12 23 35
12 24 36
12 25 37
12 26 38
12 27 39
12 28 40
12 29 41
12 30 42
12 31 43
12 32 44
12 33 45
12 34 46
12 35 47
12 36 48
12 37 49
12 38 50
12 39 51
12 40 52
12 41 53
12 42 54
12 43 55
12 44 56
13 14 27
13 15 28
13 16 29
13 17 30
13 18 31
13 19 32
13 20 33
13 21 34
13 22 35
13 23 36
13 24 37
13 25 38
13 26 39
13 27 40
13 28 41
13 29 42
13 30 43
13 31 44
13 32 45
13 33 46
13 34 47
13 35 48
13 36 49
13 37 50
13 38 51
13 39 52
13 40 53
13 41 54
13 42 55
13 43 56
13 44 57
14 15 29
14 16 30
14 17 31
14 18 32
14 19 33
14 20 34
14 21 35
14 22 36
14 23 37
14 24 38
14 25 39
14 26 40
14 27 41
14 28 42
14 29 43
14 30 44
14 31 45
14 32 46
14 33 47
14 34 48
14 35 49
14 36 50
14 37 51
14 38 52
14 39 53
14 40 54
14 41 55
14 42 56
14 43 57
14 44 58
15 16 31
15 17 32
15 18 33
15 19 34
15 20 35
15 21 36
15 22 37
15 23 38
15 24 39
15 25 40
15 26 41
15 27 42
15 28 43
15 29 44
15 30 45
15 31 46
15 32 47
15 33 48
15 34 49
15 35 50
15 36 51
15 37 52
15 38 53
15 39 54
15 40 55
15 41 56
15 42 57
15 43 58
15 44 59
16 17 33
16 18 34
16 19 35
16 20 36
16 21 37
16 22 38
16 23 39
16 24 40
16 25 41
16 26 42
16 27 43
16 28 44
16 29 45
16 30 46
16 31 47
16 32 48
16 33 49
16 34 50
16 35 51
16 36 52
16 37 53
16 38 54
16 39 55
16 40 56
16 41 57
16 42 58
16 43 59
16 44 60
17 18 35
17 19 36
17 20 37
17 21 38
17 22 39
17 23 40
17 24 41
17 25 42
17 26 43
17 27 44
17 28 45
17 29 46
17 30 47
17 31 48
17 32 49
17 33 50
17 34 51
17 35 52
17 36 53
17 37 54
17 38 55
17 39 56
17 40 57
17 41 58
17 42 59
17 43 60
17 44 61
18 19 37
18 20 38
18 21 39
18 22 40
18 23 41
18 24 42
18 25 43
18 26 44
18 27 45
18 28 46
18 29 47
18 30 48
18 31 49
18 32 50
18 33 51
18 34 52
18 35 53
18 36 54
18 37 55
18 38 56
18 39 57
18 40 58
18 41 59
18 42 60
18 43 61
18 44 62
19 20 39
19 21 40
19 22 41
19 23 42
19 24 43
19 25 44
19 26 45
19 27 46
19 28 47
19 29 48
19 30 49
19 31 50
19 32 51
19 33 52
19 34 53
19 35 54
19 36 55
19 37 56
19 38 57
19 39 58
19 40 59
19 41 60
19 42 61
19 43 62
19 44 63
20 21 41
20 22 42
20 23 43
20 24 44
20 25 45
20 26 46
20 27 47
20 28 48
20 29 49
20 30 50
20 31 51
20 32 52
20 33 53
20 34 54
20 35 55
20 36 56
20 37 57
20 38 58
20 39 59
20 40 60
20 41 61
20 42 62
20 43 63
20 44 64
21 22 43
21 23 44
21 24 45
21 25 46
21 26 47
21 27 48
21 28 49
21 29 50
21 30 51
21 31 52
21 32 53
21 33 54
21 34 55
21 35 56
21 36 57
21 37 58
21 38 59
21 39 60
21 40 61
21 41 62
21 42 63
21 43 64
21 44 65
22 23 45
22 24 46
22 25 47
22 26 48
22 27 49
22 28 50
22 29 51
22 30 52
22 31 53
22 32 54
22 33 55
22 34 56
22 35 57
22 36 58
22 37 59
22 38 60
22 39 61
22 40 62
22 41 63
22 42 64
22 43 65
22 44 66
23 24 47
23 25 48
23 26 49
23 27 50
23 28 51
23 29 52
23 30 53
23 31 54
23 32 55
23 33 56
23 34 57
23 35 58
23 36 59
23 37 60
23 38 61
23 39 62
23 40 63
23 41 64
23 42 65
23 43 66
23 44 67
24 25 49
24 26 50
24 27 51
24 28 52
24 29 53
24 30 54
24 31 55
24 32 56
24 33 57
24 34 58
24 35 59
24 36 60
24 37 61
24 38 62
24 39 63
24 40 64
24 41 65
24 42 66
24 43 67
24 44 68
25 26 51
25 27 52
25 28 53
25 29 54
25 30 55
25 31 56
25 32 57
25 33 58
25 34 59
25 35 60
25 36 61
25 37 62
25 38 63
25 39 64
25 40 65
25 41 66
25 42 67
25 43 68
25 44 69
26 27 53
26 28 54
26 29 55
26 30 56
26 31 57
26 32 58
26 33 59
26 34 60
26 35 61
26 36 62
26 37 63
26 38 64
26 39 65
26 40 66
26 41 67
26 42 68
26 43 69
26 44 70
27 28 55
27 29 56
27 30 57
27 31 58
27 32 59
27 33 60
27 34 61
27 35 62
27 36 63
27 37 64
27 38 65
27 39 66
27 40 67
27 41 68
27 42 69
27 43 70
27 44 71
28 29 57
28 30 58
28 31 59
28 32 60
28 33 61
28 34 62
28 35 63
28 36 64
28 37 65
28 38 66
28 39 67
28 40 68
28 41 69
28 42 70
28 43 71
28 44 72
29 30 59
29 31 60
29 32 61
29 33 62
29 34 63
29 35 64
29 36 65
29 37 66
29 38 67
29 39 68
29 40 69
29 41 70
29 42 71
29 43 72
29 44 73
30 31 61
30 32 62
30 33 63
30 34 64
30 35 65
30 36 66
30 37 67
30 38 68
30 39 69
30 40 70
30 41 71
30 42 72
30 43 73
30 44 74
31 32 63
31 33 64
31 34 65
31 35 66
31 36 67
31 37 68
31 38 69
31 39 70
31 40 71
31 41 72
31 42 73
31 43 74
31 44 75
32 33 65
32 34 66
32 35 67
32 36 68
32 37 69
32 38 70
32 39 71
32 40 72
32 41 73
32 42 74
32 43 75
32 44 76
33 34 67
33 35 68
33 36 69
33 37 70
33 38 71
33 39 72
33 40 73
33 41 74
33 42 75
33 43 76
33 44 77
34 35 69
34 36 70
34 37 71
34 38 72
34 39 73
34 40 74
34 41 75
34 42 76
34 43 77
34 44 78
35 36 71
35 37 72
35 38 73
35 39 74
35 40 75
35 41 76
35 42 77
35 43 78
35 44 79
36 37 73
36 38 74
36 39 75
36 40 76
36 41 77
36 42 78
36 43 79
36 44 80
37 38 75
37 39 76
37 40 77
37 41 78
37 42 79
37 43 80
37 44 81
38 39 77
38 40 78
38 41 79
38 42 80
38 43 81
38 44 82
39 40 79
39 41 80
39 42 81
39 43 82
39 44 83
40 41 81
40 42 82
40 43 83
40 44 84
41 42 83
41 43 84
41 44 85
42 43 85
42 44 86
43 44 87
