999 1000
2 1 91
3 2 38
4 3 16
5 4 99
6 5 25
7 6 9
8 7 62
9 8 13
10 9 4
11 10 7
12 11 42
13 12 51
14 13 56
15 14 10
16 15 93
17 16 66
18 17 66
19 18 31
20 19 74
21 20 64
22 21 85
23 22 53
24 23 25
25 24 77
26 25 1
27 26 61
28 27 63
29 28 36
30 29 73
31 30 77
32 31 15
33 32 63
34 33 14
35 34 30
36 35 13
37 36 90
38 37 91
39 38 74
40 39 55
41 40 46
42 41 80
43 42 96
44 43 97
45 44 36
46 45 57
47 46 89
48 47 53
49 48 23
50 49 19
51 50 26
52 51 38
53 52 55
54 53 78
55 54 63
56 55 84
57 56 31
58 57 75
59 58 98
60 59 66
61 60 99
62 61 74
63 62 32
64 63 61
65 64 39
66 65 61
67 66 73
68 67 29
69 68 3
70 69 98
71 70 83
72 71 49
73 72 78
74 73 78
75 74 45
76 75 65
77 76 87
78 77 85
79 78 17
80 79 61
81 80 56
82 81 43
83 82 98
84 83 62
85 84 72
86 85 60
87 86 45
88 87 2
89 88 86
90 89 43
91 90 19
92 91 84
93 92 16
94 93 50
95 94 96
96 95 55
97 96 63
98 97 20
99 98 35
100 99 65
101 100 18
102 101 69
103 102 13
104 103 47
105 104 98
106 105 9
107 106 11
108 107 84
109 108 46
110 109 79
111 110 44
112 111 53
113 112 21
114 113 42
115 114 14
116 115 45
117 116 53
118 117 59
119 118 98
120 119 39
121 120 53
122 121 17
123 122 74
124 123 20
125 124 66
126 125 70
127 126 26
128 127 28
129 128 41
130 129 12
131 130 45
132 131 58
133 132 80
134 133 9
135 134 4
136 135 78
137 136 18
138 137 66
139 138 61
140 139 15
141 140 45
142 141 5
143 142 67
144 143 17
145 144 98
146 145 80
147 146 61
148 147 50
149 148 90
150 149 11
151 150 40
152 151 94
153 152 79
154 153 14
155 154 66
156 155 44
157 156 35
158 157 91
159 158 24
160 159 75
161 160 3
162 161 20
163 162 85
164 163 82
165 164 28
166 165 40
167 166 11
168 167 97
169 168 6
170 169 72
171 170 11
172 171 50
173 172 28
174 173 29
175 174 18
176 175 25
177 176 61
178 177 31
179 178 26
180 179 50
181 180 41
182 181 66
183 182 96
184 183 19
185 184 31
186 185 61
187 186 14
188 187 65
189 188 3
190 189 89
191 190 91
192 191 57
193 192 8
194 193 75
195 194 91
196 195 36
197 196 15
198 197 1
199 198 32
200 199 72
201 200 24
202 201 95
203 202 73
204 203 51
205 204 23
206 205 90
207 206 27
208 207 83
209 208 20
210 209 53
211 210 85
212 211 12
213 212 18
214 213 80
215 214 82
216 215 48
217 216 92
218 217 48
219 218 64
220 219 94
221 220 36
222 221 54
223 222 3
224 223 44
225 224 81
226 225 93
227 226 31
228 227 47
229 228 93
230 229 62
231 230 18
232 231 17
233 232 56
234 233 90
235 234 19
236 235 31
237 236 31
238 237 46
239 238 13
240 239 3
241 240 98
242 241 97
243 242 66
244 243 67
245 244 28
246 245 48
247 246 66
248 247 19
249 248 95
250 249 81
251 250 65
252 251 30
253 252 86
254 253 67
255 254 25
256 255 66
257 256 59
258 257 55
259 258 12
260 259 3
261 260 69
262 261 81
263 262 71
264 263 76
265 264 70
266 265 90
267 266 6
268 267 53
269 268 87
270 269 19
271 270 7
272 271 36
273 272 67
274 273 72
275 274 54
276 275 95
277 276 71
278 277 19
279 278 13
280 279 65
281 280 51
282 281 29
283 282 47
284 283 36
285 284 95
286 285 23
287 286 2
288 287 5
289 288 78
290 289 13
291 290 8
292 291 98
293 292 94
294 293 78
295 294 73
296 295 15
297 296 19
298 297 79
299 298 19
300 299 5
301 300 49
302 301 25
303 302 40
304 303 15
305 304 49
306 305 93
307 306 9
308 307 19
309 308 63
310 309 74
311 310 36
312 311 65
313 312 2
314 313 34
315 314 1
316 315 49
317 316 56
318 317 2
319 318 5
320 319 85
321 320 66
322 321 12
323 322 82
324 323 11
325 324 42
326 325 7
327 326 78
328 327 12
329 328 85
330 329 48
331 330 69
332 331 33
333 332 25
334 333 60
335 334 99
336 335 73
337 336 5
338 337 8
339 338 43
340 339 67
341 340 33
342 341 30
343 342 32
344 343 86
345 344 63
346 345 84
347 346 34
348 347 71
349 348 85
350 349 91
351 350 7
352 351 2
353 352 2
354 353 41
355 354 65
356 355 95
357 356 47
358 357 94
359 358 59
360 359 83
361 360 41
362 361 27
363 362 67
364 363 17
365 364 86
366 365 65
367 366 41
368 367 90
369 368 24
370 369 36
371 370 9
372 371 56
373 372 65
374 373 92
375 374 42
376 375 80
377 376 75
378 377 27
379 378 2
380 379 11
381 380 17
382 381 60
383 382 12
384 383 71
385 384 100
386 385 28
387 386 65
388 387 98
389 388 21
390 389 75
391 390 32
392 391 14
393 392 1
394 393 98
395 394 82
396 395 87
397 396 15
398 397 23
399 398 28
400 399 38
401 400 58
402 401 36
403 402 94
404 403 22
405 404 27
406 405 35
407 406 53
408 407 1
409 408 13
410 409 54
411 410 63
412 411 30
413 412 14
414 413 27
415 414 100
416 415 65
417 416 54
418 417 16
419 418 15
420 419 27
421 420 91
422 421 46
423 422 92
424 423 43
425 424 96
426 425 73
427 426 81
428 427 10
429 428 95
430 429 9
431 430 47
432 431 52
433 432 96
434 433 40
435 434 26
436 435 23
437 436 26
438 437 78
439 438 75
440 439 39
441 440 84
442 441 90
443 442 20
444 443 49
445 444 16
446 445 71
447 446 13
448 447 69
449 448 86
450 449 27
451 450 47
452 451 28
453 452 25
454 453 38
455 454 23
456 455 20
457 456 11
458 457 3
459 458 29
460 459 57
461 460 11
462 461 75
463 462 61
464 463 7
465 464 67
466 465 86
467 466 81
468 467 92
469 468 15
470 469 7
471 470 82
472 471 98
473 472 96
474 473 1
475 474 46
476 475 11
477 476 71
478 477 11
479 478 32
480 479 9
481 480 37
482 481 78
483 482 88
484 483 61
485 484 68
486 485 10
487 486 32
488 487 30
489 488 13
490 489 60
491 490 86
492 491 75
493 492 87
494 493 46
495 494 81
496 495 53
497 496 83
498 497 13
499 498 96
500 499 50
501 500 20
502 501 78
503 502 99
504 503 67
505 504 30
506 505 97
507 506 78
508 507 53
509 508 7
510 509 61
511 510 61
512 511 95
513 512 38
514 513 100
515 514 8
516 515 57
517 516 10
518 517 39
519 518 86
520 519 74
521 520 99
522 521 72
523 522 48
524 523 37
525 524 69
526 525 81
527 526 89
528 527 4
529 528 93
530 529 84
531 530 53
532 531 64
533 532 13
534 533 51
535 534 31
536 535 43
537 536 99
538 537 60
539 538 95
540 539 5
541 540 20
542 541 7
543 542 100
544 543 9
545 544 6
546 545 59
547 546 66
548 547 67
549 548 97
550 549 51
551 550 40
552 551 47
553 552 74
554 553 88
555 554 83
556 555 95
557 556 20
558 557 23
559 558 50
560 559 12
561 560 7
562 561 2
563 562 28
564 563 71
565 564 4
566 565 58
567 566 13
568 567 3
569 568 69
570 569 59
571 570 59
572 571 40
573 572 17
574 573 10
575 574 48
576 575 75
577 576 68
578 577 65
579 578 41
580 579 17
581 580 68
582 581 33
583 582 15
584 583 93
585 584 72
586 585 50
587 586 87
588 587 91
589 588 72
590 589 36
591 590 54
592 591 30
593 592 89
594 593 81
595 594 1
596 595 45
597 596 90
598 597 65
599 598 99
600 599 10
601 600 76
602 601 9
603 602 49
604 603 92
605 604 19
606 605 97
607 606 66
608 607 38
609 608 61
610 609 59
611 610 6
612 611 80
613 612 43
614 613 21
615 614 73
616 615 14
617 616 22
618 617 59
619 618 56
620 619 93
621 620 47
622 621 9
623 622 75
624 623 87
625 624 90
626 625 27
627 626 83
628 627 31
629 628 91
630 629 33
631 630 41
632 631 66
633 632 42
634 633 89
635 634 10
636 635 60
637 636 37
638 637 75
639 638 49
640 639 50
641 640 85
642 641 55
643 642 29
644 643 27
645 644 75
646 645 1
647 646 40
648 647 96
649 648 12
650 649 95
651 650 40
652 651 10
653 652 56
654 653 66
655 654 96
656 655 97
657 656 92
658 657 31
659 658 27
660 659 83
661 660 63
662 661 19
663 662 100
664 663 56
665 664 8
666 665 9
667 666 67
668 667 96
669 668 36
670 669 16
671 670 45
672 671 72
673 672 70
674 673 74
675 674 99
676 675 96
677 676 26
678 677 90
679 678 43
680 679 37
681 680 37
682 681 34
683 682 98
684 683 92
685 684 100
686 685 94
687 686 88
688 687 91
689 688 76
690 689 66
691 690 25
692 691 38
693 692 85
694 693 77
695 694 94
696 695 44
697 696 37
698 697 60
699 698 39
700 699 24
701 700 27
702 701 84
703 702 96
704 703 48
705 704 9
706 705 46
707 706 43
708 707 86
709 708 35
710 709 37
711 710 23
712 711 23
713 712 23
714 713 72
715 714 14
716 715 22
717 716 65
718 717 53
719 718 64
720 719 92
721 720 19
722 721 41
723 722 82
724 723 55
725 724 69
726 725 27
727 726 98
728 727 57
729 728 38
730 729 36
731 730 81
732 731 65
733 732 71
734 733 28
735 734 12
736 735 31
737 736 73
738 737 7
739 738 17
740 739 59
741 740 95
742 741 91
743 742 82
744 743 17
745 744 62
746 745 47
747 746 90
748 747 79
749 748 52
750 749 6
751 750 70
752 751 70
753 752 98
754 753 51
755 754 76
756 755 18
757 756 77
758 757 73
759 758 74
760 759 67
761 760 60
762 761 6
763 762 31
764 763 31
765 764 33
766 765 94
767 766 61
768 767 57
769 768 52
770 769 29
771 770 68
772 771 99
773 772 19
774 773 1
775 774 15
776 775 81
777 776 47
778 777 57
779 778 59
780 779 98
781 780 14
782 781 28
783 782 19
784 783 11
785 784 31
786 785 94
787 786 80
788 787 59
789 788 18
790 789 53
791 790 25
792 791 30
793 792 59
794 793 7
795 794 60
796 795 43
797 796 53
798 797 72
799 798 52
800 799 4
801 800 1
802 801 19
803 802 2
804 803 19
805 804 19
806 805 69
807 806 51
808 807 17
809 808 77
810 809 9
811 810 15
812 811 90
813 812 37
814 813 85
815 814 52
816 815 67
817 816 31
818 817 31
819 818 77
820 819 100
821 820 35
822 821 2
823 822 29
824 823 45
825 824 8
826 825 40
827 826 88
828 827 60
829 828 64
830 829 39
831 830 16
832 831 16
833 832 9
834 833 17
835 834 34
836 835 27
837 836 37
838 837 37
839 838 43
840 839 13
841 840 45
842 841 9
843 842 54
844 843 33
845 844 46
846 845 5
847 846 99
848 847 76
849 848 87
850 849 76
851 850 27
852 851 22
853 852 29
854 853 56
855 854 66
856 855 88
857 856 95
858 857 5
859 858 48
860 859 10
861 860 43
862 861 15
863 862 25
864 863 3
865 864 83
866 865 11
867 866 29
868 867 20
869 868 47
870 869 24
871 870 84
872 871 91
873 872 84
874 873 38
875 874 24
876 875 29
877 876 94
878 877 74
879 878 56
880 879 81
881 880 1
882 881 35
883 882 54
884 883 29
885 884 90
886 885 71
887 886 17
888 887 36
889 888 76
890 889 16
891 890 46
892 891 70
893 892 82
894 893 70
895 894 73
896 895 64
897 896 32
898 897 53
899 898 35
900 899 78
901 900 76
902 901 19
903 902 69
904 903 12
905 904 8
906 905 44
907 906 92
908 907 53
909 908 17
910 909 48
911 910 85
912 911 18
913 912 82
914 913 38
915 914 98
916 915 23
917 916 9
918 917 66
919 918 10
920 919 36
921 920 33
922 921 55
923 922 5
924 923 14
925 924 77
926 925 77
927 926 30
928 927 8
929 928 30
930 929 64
931 930 38
932 931 57
933 932 34
934 933 6
935 934 68
936 935 93
937 936 1
938 937 60
939 938 46
940 939 17
941 940 59
942 941 30
943 942 86
944 943 92
945 944 20
946 945 36
947 946 14
948 947 80
949 948 53
950 949 23
951 950 15
952 951 86
953 952 30
954 953 71
955 954 51
956 955 58
957 956 48
958 957 32
959 958 17
960 959 29
961 960 96
962 961 6
963 962 85
964 963 81
965 964 63
966 965 53
967 966 74
968 967 63
969 968 64
970 969 71
971 970 80
972 971 22
973 972 100
974 973 17
975 974 13
976 975 71
977 976 4
978 977 78
979 978 2
980 979 57
981 980 52
982 981 16
983 982 94
984 983 33
985 984 87
986 985 96
987 986 90
988 987 86
989 988 28
990 989 59
991 990 14
992 991 75
993 992 64
994 993 98
995 994 55
996 995 27
997 996 2
998 997 80
999 998 89
1000 999 65
