999 1000
1000 617 100
617 368 100
368 606 100
606 542 100
542 340 100
340 123 100
123 385 100
385 880 100
880 371 100
371 950 100
950 913 100
913 347 100
347 535 100
535 63 100
63 175 100
175 190 100
190 367 100
367 658 100
658 381 100
381 513 100
513 291 100
291 739 100
739 402 100
402 942 100
942 989 100
989 217 100
217 707 100
707 261 100
261 475 100
475 206 100
206 14 100
14 256 100
256 156 100
156 87 100
87 674 100
674 826 100
826 769 100
769 645 100
645 375 100
375 492 100
492 199 100
199 322 100
322 169 100
169 993 100
993 869 100
869 104 100
104 591 100
591 978 100
978 276 100
276 394 100
394 552 100
552 279 100
279 817 100
817 698 100
698 579 100
579 695 100
695 78 100
78 282 100
282 661 100
661 398 100
398 437 100
437 616 100
616 295 100
295 135 100
135 927 100
927 515 100
515 754 100
754 980 100
980 207 100
207 456 100
456 618 100
618 133 100
133 545 100
545 35 100
35 787 100
787 472 100
472 838 100
838 447 100
447 757 100
757 467 100
467 414 100
414 17 100
17 315 100
315 499 100
499 938 100
938 33 100
33 625 100
625 778 100
778 821 100
821 260 100
260 737 100
737 543 100
543 630 100
630 892 100
892 668 100
668 910 100
910 244 100
244 860 100
860 990 100
990 497 100
497 807 100
807 752 100
752 703 100
703 71 100
71 250 100
250 797 100
797 972 100
972 187 100
187 711 100
711 216 100
216 370 100
370 425 100
425 263 100
263 772 100
772 177 100
177 839 100
839 113 100
113 930 100
930 427 100
427 181 100
181 677 100
677 121 100
121 273 100
273 49 100
49 321 100
321 19 100
19 158 100
158 155 100
155 89 100
89 429 100
429 189 100
189 356 100
356 485 100
485 267 100
267 856 100
856 876 100
876 461 100
461 624 100
624 511 100
511 568 100
568 241 100
241 318 100
318 421 100
421 344 100
344 634 100
634 702 100
702 92 100
92 660 100
660 439 100
439 908 100
908 24 100
24 184 100
184 362 100
362 575 100
575 823 100
823 897 100
897 666 100
666 985 100
985 603 100
603 954 100
954 558 100
558 405 100
405 353 100
353 294 100
294 922 100
922 58 100
58 858 100
858 530 100
530 369 100
369 65 100
65 442 100
442 654 100
654 188 100
188 863 100
863 723 100
723 56 100
56 228 100
228 360 100
360 152 100
152 299 100
299 622 100
622 355 100
355 312 100
312 454 100
454 803 100
803 800 100
800 500 100
500 502 100
502 36 100
36 948 100
948 855 100
855 816 100
816 51 100
51 555 100
555 338 100
338 239 100
239 448 100
448 758 100
758 510 100
510 627 100
627 728 100
728 759 100
759 320 100
320 328 100
328 889 100
889 939 100
939 735 100
735 569 100
569 731 100
731 377 100
377 452 100
452 26 100
26 23 100
23 514 100
514 306 100
306 968 100
968 699 100
699 62 100
62 669 100
669 887 100
887 147 100
147 641 100
641 605 100
605 97 100
97 372 100
372 438 100
438 491 100
491 458 100
458 392 100
392 886 100
886 744 100
744 317 100
317 762 100
762 581 100
581 760 100
760 941 100
941 705 100
705 406 100
406 602 100
602 363 100
363 130 100
130 844 100
844 852 100
852 218 100
218 596 100
596 108 100
108 866 100
866 45 100
45 612 100
612 743 100
743 650 100
650 915 100
915 663 100
663 225 100
225 132 100
132 689 100
689 95 100
95 174 100
174 166 100
166 469 100
469 134 100
134 949 100
949 793 100
793 39 100
39 854 100
854 920 100
920 832 100
832 399 100
399 529 100
529 833 100
833 506 100
506 777 100
777 144 100
144 288 100
288 585 100
585 301 100
301 635 100
635 965 100
965 463 100
463 843 100
843 387 100
387 888 100
888 361 100
361 32 100
32 801 100
801 165 100
165 688 100
688 539 100
539 34 100
34 505 100
505 882 100
882 342 100
342 546 100
546 639 100
639 870 100
870 154 100
154 313 100
313 474 100
474 501 100
501 443 100
443 61 100
61 231 100
231 5 100
5 971 100
971 607 100
607 335 100
335 303 100
303 850 100
850 925 100
925 934 100
934 196 100
196 730 100
730 957 100
957 82 100
82 819 100
819 673 100
673 235 100
235 431 100
431 85 100
85 905 100
905 786 100
786 928 100
928 115 100
115 733 100
733 577 100
577 765 100
765 840 100
840 805 100
805 136 100
136 527 100
527 420 100
420 831 100
831 984 100
984 849 100
849 192 100
192 234 100
234 560 100
560 124 100
124 961 100
961 830 100
830 253 100
253 296 100
296 409 100
409 60 100
60 798 100
798 756 100
756 242 100
242 466 100
466 12 100
12 610 100
610 722 100
722 364 100
364 480 100
480 994 100
994 553 100
553 46 100
46 691 100
691 233 100
233 567 100
567 544 100
544 718 100
718 986 100
986 43 100
43 436 100
436 243 100
243 471 100
471 520 100
520 619 100
619 265 100
265 973 100
973 6 100
6 459 100
459 590 100
590 434 100
434 599 100
599 141 100
141 334 100
334 219 100
219 565 100
565 75 100
75 162 100
162 131 100
131 201 100
201 551 100
551 992 100
992 680 100
680 726 100
726 508 100
508 211 100
211 129 100
129 148 100
148 81 100
81 93 100
93 516 100
516 198 100
198 686 100
686 366 100
366 179 100
179 563 100
563 861 100
861 79 100
79 202 100
202 868 100
868 307 100
307 464 100
464 828 100
828 712 100
712 721 100
721 554 100
554 804 100
804 621 100
621 806 100
806 215 100
215 924 100
924 246 100
246 354 100
354 834 100
834 944 100
944 657 100
657 755 100
755 232 100
232 864 100
864 720 100
720 4 100
4 970 100
970 717 100
717 519 100
519 327 100
327 629 100
629 896 100
896 976 100
976 983 100
983 483 100
483 749 100
749 873 100
873 309 100
309 531 100
531 161 100
161 15 100
15 351 100
351 111 100
111 811 100
811 690 100
690 761 100
761 290 100
290 779 100
779 799 100
799 556 100
556 324 100
324 413 100
413 945 100
945 164 100
164 899 100
899 751 100
751 914 100
914 683 100
683 835 100
835 13 100
13 829 100
829 903 100
903 68 100
68 229 100
229 280 100
280 595 100
595 481 100
481 851 100
851 478 100
478 407 100
407 105 100
105 611 100
611 911 100
911 112 100
112 586 100
586 278 100
278 374 100
374 453 100
453 741 100
741 709 100
709 465 100
465 28 100
28 171 100
171 662 100
662 423 100
423 236 100
236 675 100
675 41 100
41 352 100
352 878 100
878 659 100
659 496 100
496 145 100
145 775 100
775 509 100
509 255 100
255 143 100
143 764 100
764 523 100
523 536 100
536 526 100
526 783 100
783 269 100
269 222 100
222 418 100
418 237 100
237 633 100
633 534 100
534 746 100
746 644 100
644 652 100
652 323 100
323 205 100
205 898 100
898 977 100
977 257 100
257 704 100
704 649 100
649 462 100
462 38 100
38 486 100
486 969 100
969 955 100
955 701 100
701 27 100
27 988 100
988 140 100
140 940 100
940 325 100
325 446 100
446 956 100
956 415 100
415 706 100
706 197 100
197 238 100
238 450 100
450 640 100
640 818 100
818 782 100
782 810 100
810 395 100
395 964 100
964 808 100
808 572 100
572 931 100
931 784 100
784 967 100
967 382 100
382 533 100
533 444 100
444 390 100
390 648 100
648 128 100
128 687 100
687 248 100
248 628 100
628 379 100
379 210 100
210 809 100
809 16 100
16 268 100
268 676 100
676 182 100
182 249 100
249 9 100
9 308 100
308 943 100
943 697 100
697 185 100
185 383 100
383 168 100
168 94 100
94 916 100
916 609 100
609 909 100
909 69 100
69 91 100
91 847 100
847 881 100
881 332 100
332 262 100
262 776 100
776 891 100
891 422 100
422 137 100
137 266 100
266 331 100
331 226 100
226 615 100
615 376 100
376 953 100
953 646 100
646 293 100
293 841 100
841 357 100
357 170 100
170 286 100
286 580 100
580 719 100
719 477 100
477 378 100
378 126 100
126 283 100
283 388 100
388 272 100
272 57 100
57 919 100
919 790 100
790 479 100
479 120 100
120 42 100
42 404 100
404 594 100
594 998 100
998 160 100
160 416 100
416 122 100
122 549 100
549 275 100
275 583 100
583 304 100
304 710 100
710 470 100
470 401 100
401 642 100
642 562 100
562 548 100
548 451 100
451 884 100
884 254 100
254 59 100
59 159 100
159 845 100
845 901 100
901 875 100
875 822 100
822 495 100
495 83 100
83 587 100
587 750 100
750 349 100
349 178 100
178 209 100
209 623 100
623 493 100
493 785 100
785 365 100
365 962 100
962 584 100
584 814 100
814 37 100
37 600 100
600 768 100
768 620 100
620 867 100
867 67 100
67 391 100
391 213 100
213 918 100
918 101 100
101 289 100
289 350 100
350 982 100
982 153 100
153 343 100
343 966 100
966 963 100
963 608 100
608 574 100
574 846 100
846 664 100
664 857 100
857 824 100
824 116 100
116 96 100
96 118 100
118 298 100
298 952 100
952 877 100
877 890 100
890 763 100
763 53 100
53 419 100
419 76 100
76 106 100
106 460 100
460 50 100
50 157 100
157 240 100
240 77 100
77 195 100
195 66 100
66 80 100
80 518 100
518 566 100
566 84 100
84 348 100
348 813 100
813 727 100
727 996 100
996 223 100
223 258 100
258 64 100
64 874 100
874 788 100
788 672 100
672 426 100
426 592 100
592 117 100
117 671 100
671 557 100
557 729 100
729 208 100
208 550 100
550 632 100
632 410 100
410 643 100
643 20 100
20 907 100
907 738 100
738 802 100
802 700 100
700 489 100
489 449 100
449 473 100
473 766 100
766 247 100
247 300 100
300 341 100
341 631 100
631 815 100
815 636 100
636 865 100
865 146 100
146 90 100
90 487 100
487 979 100
979 792 100
792 230 100
230 271 100
271 55 100
55 88 100
88 287 100
287 794 100
794 389 100
389 571 100
571 679 100
679 987 100
987 795 100
795 685 100
685 151 100
151 403 100
403 386 100
386 457 100
457 935 100
935 7 100
7 245 100
245 724 100
724 25 100
25 314 100
314 302 100
302 960 100
960 2 100
2 48 100
48 408 100
408 397 100
397 682 100
682 528 100
528 204 100
204 441 100
441 883 100
883 277 100
277 715 100
715 186 100
186 507 100
507 430 100
430 538 100
538 791 100
791 975 100
975 582 100
582 336 100
336 52 100
52 598 100
598 745 100
745 656 100
656 995 100
995 311 100
311 103 100
103 862 100
862 740 100
740 417 100
417 593 100
593 732 100
732 836 100
836 482 100
482 329 100
329 292 100
292 651 100
651 22 100
22 770 100
770 40 100
40 310 100
310 512 100
512 859 100
859 747 100
747 488 100
488 789 100
789 917 100
917 31 100
31 981 100
981 200 100
200 252 100
252 734 100
734 713 100
713 29 100
29 665 100
665 440 100
440 494 100
494 748 100
748 647 100
647 604 100
604 468 100
468 400 100
400 692 100
692 86 100
86 637 100
637 337 100
337 524 100
524 848 100
848 396 100
396 932 100
932 597 100
597 285 100
285 411 100
411 435 100
435 330 100
330 559 100
559 693 100
693 138 100
138 974 100
974 929 100
929 708 100
708 21 100
21 333 100
333 346 100
346 194 100
194 98 100
98 780 100
780 173 100
173 796 100
796 725 100
725 316 100
316 614 100
614 999 100
999 626 100
626 30 100
30 540 100
540 150 100
150 221 100
221 191 100
191 936 100
936 958 100
958 714 100
714 946 100
946 532 100
532 947 100
947 767 100
767 525 100
525 561 100
561 284 100
284 224 100
224 933 100
933 570 100
570 44 100
44 484 100
484 885 100
885 573 100
573 517 100
517 18 100
18 380 100
380 653 100
653 433 100
433 781 100
781 684 100
684 921 100
921 125 100
125 139 100
139 871 100
871 70 100
70 576 100
576 212 100
212 432 100
432 521 100
521 588 100
588 358 100
358 696 100
696 681 100
681 172 100
172 771 100
771 203 100
203 99 100
99 490 100
490 694 100
694 3 100
3 498 100
498 109 100
109 812 100
812 149 100
149 281 100
281 926 100
926 297 100
297 319 100
319 893 100
893 384 100
384 326 100
326 114 100
114 373 100
373 872 100
872 110 100
110 678 100
678 879 100
879 853 100
853 894 100
894 906 100
906 578 100
578 227 100
227 10 100
10 259 100
259 837 100
837 902 100
902 912 100
912 11 100
11 589 100
589 522 100
522 638 100
638 900 100
900 339 100
339 100 100
100 214 100
214 904 100
904 183 100
183 667 100
667 428 100
428 820 100
820 305 100
305 220 100
220 142 100
142 251 100
251 547 100
547 102 100
102 541 100
541 167 100
167 270 100
270 54 100
54 951 100
951 997 100
997 503 100
503 107 100
107 773 100
773 742 100
742 193 100
193 345 100
345 412 100
412 180 100
180 959 100
959 564 100
564 393 100
393 476 100
476 774 100
774 127 100
127 163 100
163 8 100
8 825 100
825 655 100
655 827 100
827 537 100
537 842 100
842 991 100
991 73 100
73 74 100
74 895 100
895 176 100
176 47 100
47 119 100
119 736 100
736 445 100
445 359 100
359 923 100
923 424 100
424 753 100
753 274 100
274 716 100
716 72 100
72 504 100
504 601 100
601 613 100
613 937 100
937 264 100
264 670 100
670 455 100
455 1 100
