1901 1000
2 3 1
2 4 1
2 5 1
2 6 1
2 7 1
2 8 1
2 9 1
2 10 1
2 11 1
2 12 1
2 13 1
2 14 1
2 15 1
2 16 1
2 17 1
2 18 1
2 19 1
2 20 1
2 21 1
2 22 1
2 23 1
2 24 1
2 25 1
2 26 1
2 27 1
2 28 1
2 29 1
2 30 1
2 31 1
2 32 1
2 33 1
2 34 1
2 35 1
2 36 1
2 37 1
2 38 1
2 39 1
2 40 1
2 41 1
2 42 1
2 43 1
2 44 1
2 45 1
3 4 1
3 5 1
3 6 1
3 7 1
3 8 1
3 9 1
3 10 1
3 11 1
3 12 1
3 13 1
3 14 1
3 15 1
3 16 1
3 17 1
3 18 1
3 19 1
3 20 1
3 21 1
3 22 1
3 23 1
3 24 1
3 25 1
3 26 1
3 27 1
3 28 1
3 29 1
3 30 1
3 31 1
3 32 1
3 33 1
3 34 1
3 35 1
3 36 1
3 37 1
3 38 1
3 39 1
3 40 1
3 41 1
3 42 1
3 43 1
3 44 1
3 45 1
4 5 1
4 6 1
4 7 1
4 8 1
4 9 1
4 10 1
4 11 1
4 12 1
4 13 1
4 14 1
4 15 1
4 16 1
4 17 1
4 18 1
4 19 1
4 20 1
4 21 1
4 22 1
4 23 1
4 24 1
4 25 1
4 26 1
4 27 1
4 28 1
4 29 1
4 30 1
4 31 1
4 32 1
4 33 1
4 34 1
4 35 1
4 36 1
4 37 1
4 38 1
4 39 1
4 40 1
4 41 1
4 42 1
4 43 1
4 44 1
4 45 1
5 6 1
5 7 1
5 8 1
5 9 1
5 10 1
5 11 1
5 12 1
5 13 1
5 14 1
5 15 1
5 16 1
5 17 1
5 18 1
5 19 1
5 20 1
5 21 1
5 22 1
5 23 1
5 24 1
5 25 1
5 26 1
5 27 1
5 28 1
5 29 1
5 30 1
5 31 1
5 32 1
5 33 1
5 34 1
5 35 1
5 36 1
5 37 1
5 38 1
5 39 1
5 40 1
5 41 1
5 42 1
5 43 1
5 44 1
5 45 1
6 7 1
6 8 1
6 9 1
6 10 1
6 11 1
6 12 1
6 13 1
6 14 1
6 15 1
6 16 1
6 17 1
6 18 1
6 19 1
6 20 1
6 21 1
6 22 1
6 23 1
6 24 1
6 25 1
6 26 1
6 27 1
6 28 1
6 29 1
6 30 1
6 31 1
6 32 1
6 33 1
6 34 1
6 35 1
6 36 1
6 37 1
6 38 1
6 39 1
6 40 1
6 41 1
6 42 1
6 43 1
6 44 1
6 45 1
7 8 1
7 9 1
7 10 1
7 11 1
7 12 1
7 13 1
7 14 1
7 15 1
7 16 1
7 17 1
7 18 1
7 19 1
7 20 1
7 21 1
7 22 1
7 23 1
7 24 1
7 25 1
7 26 1
7 27 1
7 28 1
7 29 1
7 30 1
7 31 1
7 32 1
7 33 1
7 34 1
7 35 1
7 36 1
7 37 1
7 38 1
7 39 1
7 40 1
7 41 1
7 42 1
7 43 1
7 44 1
7 45 1
8 9 1
8 10 1
8 11 1
8 12 1
8 13 1
8 14 1
8 15 1
8 16 1
8 17 1
8 18 1
8 19 1
8 20 1
8 21 1
8 22 1
8 23 1
8 24 1
8 25 1
8 26 1
8 27 1
8 28 1
8 29 1
8 30 1
8 31 1
8 32 1
8 33 1
8 34 1
8 35 1
8 36 1
8 37 1
8 38 1
8 39 1
8 40 1
8 41 1
8 42 1
8 43 1
8 44 1
8 45 1
9 10 1
9 11 1
9 12 1
9 13 1
9 14 1
9 15 1
9 16 1
9 17 1
9 18 1
9 19 1
9 20 1
9 21 1
9 22 1
9 23 1
9 24 1
9 25 1
9 26 1
9 27 1
9 28 1
9 29 1
9 30 1
9 31 1
9 32 1
9 33 1
9 34 1
9 35 1
9 36 1
9 37 1
9 38 1
9 39 1
9 40 1
9 41 1
9 42 1
9 43 1
9 44 1
9 45 1
10 11 1
10 12 1
10 13 1
10 14 1
10 15 1
10 16 1
10 17 1
10 18 1
10 19 1
10 20 1
10 21 1
10 22 1
10 23 1
10 24 1
10 25 1
10 26 1
10 27 1
10 28 1
10 29 1
10 30 1
10 31 1
10 32 1
10 33 1
10 34 1
10 35 1
10 36 1
10 37 1
10 38 1
10 39 1
10 40 1
10 41 1
10 42 1
10 43 1
10 44 1
10 45 1
11 12 1
11 13 1
11 14 1
11 15 1
11 16 1
11 17 1
11 18 1
11 19 1
11 20 1
11 21 1
11 22 1
11 23 1
11 24 1
11 25 1
11 26 1
11 27 1
11 28 1
11 29 1
11 30 1
11 31 1
11 32 1
11 33 1
11 34 1
11 35 1
11 36 1
11 37 1
11 38 1
11 39 1
11 40 1
11 41 1
11 42 1
11 43 1
11 44 1
11 45 1
12 13 1
12 14 1
12 15 1
12 16 1
12 17 1
12 18 1
12 19 1
12 20 1
12 21 1
12 22 1
12 23 1
12 24 1
12 25 1
12 26 1
12 27 1
12 28 1
12 29 1
12 30 1
12 31 1
12 32 1
12 33 1
12 34 1
12 35 1
12 36 1
12 37 1
12 38 1
12 39 1
12 40 1
12 41 1
12 42 1
12 43 1
12 44 1
12 45 1
13 14 1
13 15 1
13 16 1
13 17 1
13 18 1
13 19 1
13 20 1
13 21 1
13 22 1
13 23 1
13 24 1
13 25 1
13 26 1
13 27 1
13 28 1
13 29 1
13 30 1
13 31 1
13 32 1
13 33 1
13 34 1
13 35 1
13 36 1
13 37 1
13 38 1
13 39 1
13 40 1
13 41 1
13 42 1
13 43 1
13 44 1
13 45 1
14 15 1
14 16 1
14 17 1
14 18 1
14 19 1
14 20 1
14 21 1
14 22 1
14 23 1
14 24 1
14 25 1
14 26 1
14 27 1
14 28 1
14 29 1
14 30 1
14 31 1
14 32 1
14 33 1
14 34 1
14 35 1
14 36 1
14 37 1
14 38 1
14 39 1
14 40 1
14 41 1
14 42 1
14 43 1
14 44 1
14 45 1
15 16 1
15 17 1
15 18 1
15 19 1
15 20 1
15 21 1
15 22 1
15 23 1
15 24 1
15 25 1
15 26 1
15 27 1
15 28 1
15 29 1
15 30 1
15 31 1
15 32 1
15 33 1
15 34 1
15 35 1
15 36 1
15 37 1
15 38 1
15 39 1
15 40 1
15 41 1
15 42 1
15 43 1
15 44 1
15 45 1
16 17 1
16 18 1
16 19 1
16 20 1
16 21 1
16 22 1
16 23 1
16 24 1
16 25 1
16 26 1
16 27 1
16 28 1
16 29 1
16 30 1
16 31 1
16 32 1
16 33 1
16 34 1
16 35 1
16 36 1
16 37 1
16 38 1
16 39 1
16 40 1
16 41 1
16 42 1
16 43 1
16 44 1
16 45 1
17 18 1
17 19 1
17 20 1
17 21 1
17 22 1
17 23 1
17 24 1
17 25 1
17 26 1
17 27 1
17 28 1
17 29 1
17 30 1
17 31 1
17 32 1
17 33 1
17 34 1
17 35 1
17 36 1
17 37 1
17 38 1
17 39 1
17 40 1
17 41 1
17 42 1
17 43 1
17 44 1
17 45 1
18 19 1
18 20 1
18 21 1
18 22 1
18 23 1
18 24 1
18 25 1
18 26 1
18 27 1
18 28 1
18 29 1
18 30 1
18 31 1
18 32 1
18 33 1
18 34 1
18 35 1
18 36 1
18 37 1
18 38 1
18 39 1
18 40 1
18 41 1
18 42 1
18 43 1
18 44 1
18 45 1
19 20 1
19 21 1
19 22 1
19 23 1
19 24 1
19 25 1
19 26 1
19 27 1
19 28 1
19 29 1
19 30 1
19 31 1
19 32 1
19 33 1
19 34 1
19 35 1
19 36 1
19 37 1
19 38 1
19 39 1
19 40 1
19 41 1
19 42 1
19 43 1
19 44 1
19 45 1
20 21 1
20 22 1
20 23 1
20 24 1
20 25 1
20 26 1
20 27 1
20 28 1
20 29 1
20 30 1
20 31 1
20 32 1
20 33 1
20 34 1
20 35 1
20 36 1
20 37 1
20 38 1
20 39 1
20 40 1
20 41 1
20 42 1
20 43 1
20 44 1
20 45 1
21 22 1
21 23 1
21 24 1
21 25 1
21 26 1
21 27 1
21 28 1
21 29 1
21 30 1
21 31 1
21 32 1
21 33 1
21 34 1
21 35 1
21 36 1
21 37 1
21 38 1
21 39 1
21 40 1
21 41 1
21 42 1
21 43 1
21 44 1
21 45 1
22 23 1
22 24 1
22 25 1
22 26 1
22 27 1
22 28 1
22 29 1
22 30 1
22 31 1
22 32 1
22 33 1
22 34 1
22 35 1
22 36 1
22 37 1
22 38 1
22 39 1
22 40 1
22 41 1
22 42 1
22 43 1
22 44 1
22 45 1
23 24 1
23 25 1
23 26 1
23 27 1
23 28 1
23 29 1
23 30 1
23 31 1
23 32 1
23 33 1
23 34 1
23 35 1
23 36 1
23 37 1
23 38 1
23 39 1
23 40 1
23 41 1
23 42 1
23 43 1
23 44 1
23 45 1
24 25 1
24 26 1
24 27 1
24 28 1
24 29 1
24 30 1
24 31 1
24 32 1
24 33 1
24 34 1
24 35 1
24 36 1
24 37 1
24 38 1
24 39 1
24 40 1
24 41 1
24 42 1
24 43 1
24 44 1
24 45 1
25 26 1
25 27 1
25 28 1
25 29 1
25 30 1
25 31 1
25 32 1
25 33 1
25 34 1
25 35 1
25 36 1
25 37 1
25 38 1
25 39 1
25 40 1
25 41 1
25 42 1
25 43 1
25 44 1
25 45 1
26 27 1
26 28 1
26 29 1
26 30 1
26 31 1
26 32 1
26 33 1
26 34 1
26 35 1
26 36 1
26 37 1
26 38 1
26 39 1
26 40 1
26 41 1
26 42 1
26 43 1
26 44 1
26 45 1
27 28 1
27 29 1
27 30 1
27 31 1
27 32 1
27 33 1
27 34 1
27 35 1
27 36 1
27 37 1
27 38 1
27 39 1
27 40 1
27 41 1
27 42 1
27 43 1
27 44 1
27 45 1
28 29 1
28 30 1
28 31 1
28 32 1
28 33 1
28 34 1
28 35 1
28 36 1
28 37 1
28 38 1
28 39 1
28 40 1
28 41 1
28 42 1
28 43 1
28 44 1
28 45 1
29 30 1
29 31 1
29 32 1
29 33 1
29 34 1
29 35 1
29 36 1
29 37 1
29 38 1
29 39 1
29 40 1
29 41 1
29 42 1
29 43 1
29 44 1
29 45 1
30 31 1
30 32 1
30 33 1
30 34 1
30 35 1
30 36 1
30 37 1
30 38 1
30 39 1
30 40 1
30 41 1
30 42 1
30 43 1
30 44 1
30 45 1
31 32 1
31 33 1
31 34 1
31 35 1
31 36 1
31 37 1
31 38 1
31 39 1
31 40 1
31 41 1
31 42 1
31 43 1
31 44 1
31 45 1
32 33 1
32 34 1
32 35 1
32 36 1
32 37 1
32 38 1
32 39 1
32 40 1
32 41 1
32 42 1
32 43 1
32 44 1
32 45 1
33 34 1
33 35 1
33 36 1
33 37 1
33 38 1
33 39 1
33 40 1
33 41 1
33 42 1
33 43 1
33 44 1
33 45 1
34 35 1
34 36 1
34 37 1
34 38 1
34 39 1
34 40 1
34 41 1
34 42 1
34 43 1
34 44 1
34 45 1
35 36 1
35 37 1
35 38 1
35 39 1
35 40 1
35 41 1
35 42 1
35 43 1
35 44 1
35 45 1
36 37 1
36 38 1
36 39 1
36 40 1
36 41 1
36 42 1
36 43 1
36 44 1
36 45 1
37 38 1
37 39 1
37 40 1
37 41 1
37 42 1
37 43 1
37 44 1
37 45 1
38 39 1
38 40 1
38 41 1
38 42 1
38 43 1
38 44 1
38 45 1
39 40 1
39 41 1
39 42 1
39 43 1
39 44 1
39 45 1
40 41 1
40 42 1
40 43 1
40 44 1
40 45 1
41 42 1
41 43 1
41 44 1
41 45 1
42 43 1
42 44 1
42 45 1
43 44 1
43 45 1
44 45 1
1000 999 100
999 998 100
998 997 100
997 996 100
996 995 100
995 994 100
994 993 100
993 992 100
992 991 100
991 990 100
990 989 100
989 988 100
988 987 100
987 986 100
986 985 100
985 984 100
984 983 100
983 982 100
982 981 100
981 980 100
980 979 100
979 978 100
978 977 100
977 976 100
976 975 100
975 974 100
974 973 100
973 972 100
972 971 100
971 970 100
970 969 100
969 968 100
968 967 100
967 966 100
966 965 100
965 964 100
964 963 100
963 962 100
962 961 100
961 960 100
960 959 100
959 958 100
958 957 100
957 956 100
956 955 100
955 954 100
954 953 100
953 952 100
952 951 100
951 950 100
950 949 100
949 948 100
948 947 100
947 946 100
946 945 100
945 944 100
944 943 100
943 942 100
942 941 100
941 940 100
940 939 100
939 938 100
938 937 100
937 936 100
936 935 100
935 934 100
934 933 100
933 932 100
932 931 100
931 930 100
930 929 100
929 928 100
928 927 100
927 926 100
926 925 100
925 924 100
924 923 100
923 922 100
922 921 100
921 920 100
920 919 100
919 918 100
918 917 100
917 916 100
916 915 100
915 914 100
914 913 100
913 912 100
912 911 100
911 910 100
910 909 100
909 908 100
908 907 100
907 906 100
906 905 100
905 904 100
904 903 100
903 902 100
902 901 100
901 900 100
900 899 100
899 898 100
898 897 100
897 896 100
896 895 100
895 894 100
894 893 100
893 892 100
892 891 100
891 890 100
890 889 100
889 888 100
888 887 100
887 886 100
886 885 100
885 884 100
884 883 100
883 882 100
882 881 100
881 880 100
880 879 100
879 878 100
878 877 100
877 876 100
876 875 100
875 874 100
874 873 100
873 872 100
872 871 100
871 870 100
870 869 100
869 868 100
868 867 100
867 866 100
866 865 100
865 864 100
864 863 100
863 862 100
862 861 100
861 860 100
860 859 100
859 858 100
858 857 100
857 856 100
856 855 100
855 854 100
854 853 100
853 852 100
852 851 100
851 850 100
850 849 100
849 848 100
848 847 100
847 846 100
846 845 100
845 844 100
844 843 100
843 842 100
842 841 100
841 840 100
840 839 100
839 838 100
838 837 100
837 836 100
836 835 100
835 834 100
834 833 100
833 832 100
832 831 100
831 830 100
830 829 100
829 828 100
828 827 100
827 826 100
826 825 100
825 824 100
824 823 100
823 822 100
822 821 100
821 820 100
820 819 100
819 818 100
818 817 100
817 816 100
816 815 100
815 814 100
814 813 100
813 812 100
812 811 100
811 810 100
810 809 100
809 808 100
808 807 100
807 806 100
806 805 100
805 804 100
804 803 100
803 802 100
802 801 100
801 800 100
800 799 100
799 798 100
798 797 100
797 796 100
796 795 100
795 794 100
794 793 100
793 792 100
792 791 100
791 790 100
790 789 100
789 788 100
788 787 100
787 786 100
786 785 100
785 784 100
784 783 100
783 782 100
782 781 100
781 780 100
780 779 100
779 778 100
778 777 100
777 776 100
776 775 100
775 774 100
774 773 100
773 772 100
772 771 100
771 770 100
770 769 100
769 768 100
768 767 100
767 766 100
766 765 100
765 764 100
764 763 100
763 762 100
762 761 100
761 760 100
760 759 100
759 758 100
758 757 100
757 756 100
756 755 100
755 754 100
754 753 100
753 752 100
752 751 100
751 750 100
750 749 100
749 748 100
748 747 100
747 746 100
746 745 100
745 744 100
744 743 100
743 742 100
742 741 100
741 740 100
740 739 100
739 738 100
738 737 100
737 736 100
736 735 100
735 734 100
734 733 100
733 732 100
732 731 100
731 730 100
730 729 100
729 728 100
728 727 100
727 726 100
726 725 100
725 724 100
724 723 100
723 722 100
722 721 100
721 720 100
720 719 100
719 718 100
718 717 100
717 716 100
716 715 100
715 714 100
714 713 100
713 712 100
712 711 100
711 710 100
710 709 100
709 708 100
708 707 100
707 706 100
706 705 100
705 704 100
704 703 100
703 702 100
702 701 100
701 700 100
700 699 100
699 698 100
698 697 100
697 696 100
696 695 100
695 694 100
694 693 100
693 692 100
692 691 100
691 690 100
690 689 100
689 688 100
688 687 100
687 686 100
686 685 100
685 684 100
684 683 100
683 682 100
682 681 100
681 680 100
680 679 100
679 678 100
678 677 100
677 676 100
676 675 100
675 674 100
674 673 100
673 672 100
672 671 100
671 670 100
670 669 100
669 668 100
668 667 100
667 666 100
666 665 100
665 664 100
664 663 100
663 662 100
662 661 100
661 660 100
660 659 100
659 658 100
658 657 100
657 656 100
656 655 100
655 654 100
654 653 100
653 652 100
652 651 100
651 650 100
650 649 100
649 648 100
648 647 100
647 646 100
646 645 100
645 644 100
644 643 100
643 642 100
642 641 100
641 640 100
640 639 100
639 638 100
638 637 100
637 636 100
636 635 100
635 634 100
634 633 100
633 632 100
632 631 100
631 630 100
630 629 100
629 628 100
628 627 100
627 626 100
626 625 100
625 624 100
624 623 100
623 622 100
622 621 100
621 620 100
620 619 100
619 618 100
618 617 100
617 616 100
616 615 100
615 614 100
614 613 100
613 612 100
612 611 100
611 610 100
610 609 100
609 608 100
608 607 100
607 606 100
606 605 100
605 604 100
604 603 100
603 602 100
602 601 100
601 600 100
600 599 100
599 598 100
598 597 100
597 596 100
596 595 100
595 594 100
594 593 100
593 592 100
592 591 100
591 590 100
590 589 100
589 588 100
588 587 100
587 586 100
586 585 100
585 584 100
584 583 100
583 582 100
582 581 100
581 580 100
580 579 100
579 578 100
578 577 100
577 576 100
576 575 100
575 574 100
574 573 100
573 572 100
572 571 100
571 570 100
570 569 100
569 568 100
568 567 100
567 566 100
566 565 100
565 564 100
564 563 100
563 562 100
562 561 100
561 560 100
560 559 100
559 558 100
558 557 100
557 556 100
556 555 100
555 554 100
554 553 100
553 552 100
552 551 100
551 550 100
550 549 100
549 548 100
548 547 100
547 546 100
546 545 100
545 544 100
544 543 100
543 542 100
542 541 100
541 540 100
540 539 100
539 538 100
538 537 100
537 536 100
536 535 100
535 534 100
534 533 100
533 532 100
532 531 100
531 530 100
530 529 100
529 528 100
528 527 100
527 526 100
526 525 100
525 524 100
524 523 100
523 522 100
522 521 100
521 520 100
520 519 100
519 518 100
518 517 100
517 516 100
516 515 100
515 514 100
514 513 100
513 512 100
512 511 100
511 510 100
510 509 100
509 508 100
508 507 100
507 506 100
506 505 100
505 504 100
504 503 100
503 502 100
502 501 100
501 500 100
500 499 100
499 498 100
498 497 100
497 496 100
496 495 100
495 494 100
494 493 100
493 492 100
492 491 100
491 490 100
490 489 100
489 488 100
488 487 100
487 486 100
486 485 100
485 484 100
484 483 100
483 482 100
482 481 100
481 480 100
480 479 100
479 478 100
478 477 100
477 476 100
476 475 100
475 474 100
474 473 100
473 472 100
472 471 100
471 470 100
470 469 100
469 468 100
468 467 100
467 466 100
466 465 100
465 464 100
464 463 100
463 462 100
462 461 100
461 460 100
460 459 100
459 458 100
458 457 100
457 456 100
456 455 100
455 454 100
454 453 100
453 452 100
452 451 100
451 450 100
450 449 100
449 448 100
448 447 100
447 446 100
446 445 100
445 444 100
444 443 100
443 442 100
442 441 100
441 440 100
440 439 100
439 438 100
438 437 100
437 436 100
436 435 100
435 434 100
434 433 100
433 432 100
432 431 100
431 430 100
430 429 100
429 428 100
428 427 100
427 426 100
426 425 100
425 424 100
424 423 100
423 422 100
422 421 100
421 420 100
420 419 100
419 418 100
418 417 100
417 416 100
416 415 100
415 414 100
414 413 100
413 412 100
412 411 100
411 410 100
410 409 100
409 408 100
408 407 100
407 406 100
406 405 100
405 404 100
404 403 100
403 402 100
402 401 100
401 400 100
400 399 100
399 398 100
398 397 100
397 396 100
396 395 100
395 394 100
394 393 100
393 392 100
392 391 100
391 390 100
390 389 100
389 388 100
388 387 100
387 386 100
386 385 100
385 384 100
384 383 100
383 382 100
382 381 100
381 380 100
380 379 100
379 378 100
378 377 100
377 376 100
376 375 100
375 374 100
374 373 100
373 372 100
372 371 100
371 370 100
370 369 100
369 368 100
368 367 100
367 366 100
366 365 100
365 364 100
364 363 100
363 362 100
362 361 100
361 360 100
360 359 100
359 358 100
358 357 100
357 356 100
356 355 100
355 354 100
354 353 100
353 352 100
352 351 100
351 350 100
350 349 100
349 348 100
348 347 100
347 346 100
346 345 100
345 344 100
344 343 100
343 342 100
342 341 100
341 340 100
340 339 100
339 338 100
338 337 100
337 336 100
336 335 100
335 334 100
334 333 100
333 332 100
332 331 100
331 330 100
330 329 100
329 328 100
328 327 100
327 326 100
326 325 100
325 324 100
324 323 100
323 322 100
322 321 100
321 320 100
320 319 100
319 318 100
318 317 100
317 316 100
316 315 100
315 314 100
314 313 100
313 312 100
312 311 100
311 310 100
310 309 100
309 308 100
308 307 100
307 306 100
306 305 100
305 304 100
304 303 100
303 302 100
302 301 100
301 300 100
300 299 100
299 298 100
298 297 100
297 296 100
296 295 100
295 294 100
294 293 100
293 292 100
292 291 100
291 290 100
290 289 100
289 288 100
288 287 100
287 286 100
286 285 100
285 284 100
284 283 100
283 282 100
282 281 100
281 280 100
280 279 100
279 278 100
278 277 100
277 276 100
276 275 100
275 274 100
274 273 100
273 272 100
272 271 100
271 270 100
270 269 100
269 268 100
268 267 100
267 266 100
266 265 100
265 264 100
264 263 100
263 262 100
262 261 100
261 260 100
260 259 100
259 258 100
258 257 100
257 256 100
256 255 100
255 254 100
254 253 100
253 252 100
252 251 100
251 250 100
250 249 100
249 248 100
248 247 100
247 246 100
246 245 100
245 244 100
244 243 100
243 242 100
242 241 100
241 240 100
240 239 100
239 238 100
238 237 100
237 236 100
236 235 100
235 234 100
234 233 100
233 232 100
232 231 100
231 230 100
230 229 100
229 228 100
228 227 100
227 226 100
226 225 100
225 224 100
224 223 100
223 222 100
222 221 100
221 220 100
220 219 100
219 218 100
218 217 100
217 216 100
216 215 100
215 214 100
214 213 100
213 212 100
212 211 100
211 210 100
210 209 100
209 208 100
208 207 100
207 206 100
206 205 100
205 204 100
204 203 100
203 202 100
202 201 100
201 200 100
200 199 100
199 198 100
198 197 100
197 196 100
196 195 100
195 194 100
194 193 100
193 192 100
192 191 100
191 190 100
190 189 100
189 188 100
188 187 100
187 186 100
186 185 100
185 184 100
184 183 100
183 182 100
182 181 100
181 180 100
180 179 100
179 178 100
178 177 100
177 176 100
176 175 100
175 174 100
174 173 100
173 172 100
172 171 100
171 170 100
170 169 100
169 168 100
168 167 100
167 166 100
166 165 100
165 164 100
164 163 100
163 162 100
162 161 100
161 160 100
160 159 100
159 158 100
158 157 100
157 156 100
156 155 100
155 154 100
154 153 100
153 152 100
152 151 100
151 150 100
150 149 100
149 148 100
148 147 100
147 146 100
146 145 100
145 144 100
144 143 100
143 142 100
142 141 100
141 140 100
140 139 100
139 138 100
138 137 100
137 136 100
136 135 100
135 134 100
134 133 100
133 132 100
132 131 100
131 130 100
130 129 100
129 128 100
128 127 100
127 126 100
126 125 100
125 124 100
124 123 100
123 122 100
122 121 100
121 120 100
120 119 100
119 118 100
118 117 100
117 116 100
116 115 100
115 114 100
114 113 100
113 112 100
112 111 100
111 110 100
110 109 100
109 108 100
108 107 100
107 106 100
106 105 100
105 104 100
104 103 100
103 102 100
102 101 100
101 100 100
100 99 100
99 98 100
98 97 100
97 96 100
96 95 100
95 94 100
94 93 100
93 92 100
92 91 100
91 90 100
90 89 100
89 88 100
88 87 100
87 86 100
86 85 100
85 84 100
84 83 100
83 82 100
82 81 100
81 80 100
80 79 100
79 78 100
78 77 100
77 76 100
76 75 100
75 74 100
74 73 100
73 72 100
72 71 100
71 70 100
70 69 100
69 68 100
68 67 100
67 66 100
66 65 100
65 64 100
64 63 100
63 62 100
62 61 100
61 60 100
60 59 100
59 58 100
58 57 100
57 56 100
56 55 100
55 54 100
54 53 100
53 52 100
52 51 100
51 50 100
50 49 100
49 48 100
48 47 100
47 46 100
46 1 100
