201 100
144 56 147
198 51 197
194 189 192
168 25 167
3 49 200
153 100 141
176 76 174
80 108 165
190 59 184
90 34 69
51 66 186
195 89 179
120 50 157
193 144 149
148 106 118
50 116 128
76 27 67
166 24 101
187 86 150
13 137 162
102 94 91
85 72 187
151 5 29
183 135 136
59 75 74
88 22 113
175 140 193
28 60 127
150 55 111
129 28 156
127 35 70
12 4 134
165 48 107
162 92 131
170 63 78
73 98 177
122 62 61
123 8 57
119 142 172
147 14 145
167 130 164
89 46 97
98 120 159
64 41 152
93 65 123
152 68 95
178 129 161
158 87 110
121 15 54
42 112 185
66 81 153
16 114 170
173 53 168
161 102 138
38 96 151
140 103 188
189 80 190
163 10 2
145 44 126
116 19 32
103 40 171
56 52 84
184 173 178
130 83 117
112 105 132
154 42 194
9 11 18
197 26 160
30 93 169
159 121 148
188 12 143
196 154 195
169 99 109
199 155 181
128 23 36
191 30 176
155 20 58
192 85 191
108 38 158
200 16 183
39 6 71
181 13 166
49 175 198
1 3 201
113 45 90
182 119 196
40 64 163
125 7 17
100 21 133
44 39 115
27 37 47
86 9 146
172 104 139
146 88 125
105 122 124
186 73 180
136 31 77
177 79 82
201 182 199
174 33 43
