731 365
643 522 723
242 31 641
95 250 525
483 17 470
444 167 691
114 68 376
207 137 169
566 201 574
720 225 715
167 421 685
318 83 537
111 320 571
3 503 595
696 72 622
599 88 229
370 67 362
722 319 721
463 92 443
568 273 547
485 143 364
684 326 657
225 634 642
482 121 658
614 87 145
39 552 600
365 125 458
489 636 649
675 296 316
305 23 432
118 155 423
542 185 631
673 205 616
588 290 343
333 436 460
557 28 545
161 400 558
461 149 248
631 76 239
602 280 501
160 302 599
648 377 639
623 577 613
511 86 171
407 183 402
601 291 549
658 334 648
271 374 606
713 51 699
540 494 660
99 30 451
313 77 392
190 526 556
493 357 488
112 348 386
58 283 528
338 157 162
585 94 535
718 380 684
692 542 682
549 293 387
726 573 725
710 550 694
531 127 359
600 6 594
334 199 389
254 204 247
508 430 492
168 555 564
527 10 449
690 168 612
518 206 209
638 625 635
550 124 689
458 146 440
107 462 611
685 66 626
220 43 341
478 64 203
575 327 562
592 428 627
695 479 670
255 375 647
617 426 607
211 97 331
109 259 445
139 39 608
624 18 615
279 385 709
117 372 702
282 381 441
53 217 471
66 193 411
630 44 336
653 337 609
647 429 478
253 371 378
664 160 623
604 282 633
615 420 497
132 21 104
591 112 507
702 618 655
494 491 582
372 361 662
101 335 419
703 493 645
125 42 123
93 182 344
715 688 710
276 103 294
430 311 442
490 263 597
667 394 516
299 284 637
81 80 563
380 38 680
293 33 257
165 272 696
61 82 198
5 120 543
486 194 317
473 16 262
29 566 588
138 187 532
627 465 605
708 301 720
266 220 347
457 245 405
561 384 466
528 186 223
75 200 215
576 135 469
641 26 437
700 540 697
314 306 461
507 298 474
495 370 457
699 161 653
729 604 713
639 500 572
62 333 603
154 427 716
354 265 350
204 19 228
426 235 415
51 581 695
421 24 398
184 313 553
311 179 196
578 352 529
360 108 456
310 25 322
500 232 546
403 404 614
510 219 690
194 59 289
277 303 393
682 584 661
681 62 679
701 101 700
298 270 315
214 93 410
28 286 496
587 116 576
488 369 434
427 514 671
522 390 719
597 132 414
656 328 565
520 74 264
180 249 717
649 138 590
514 638 663
533 8 207
628 190 619
319 271 718
515 141 345
666 438 726
249 349 687
479 373 463
297 224 252
390 165 704
306 324 439
399 89 538
546 48 338
404 234 484
719 54 678
727 107 693
612 41 485
227 159 197
116 253 568
686 452 650
176 310 513
657 292 417
668 355 640
423 144 233
38 275 624
374 518 524
275 544 589
577 189 379
731 666 729
501 354 358
721 117 707
674 256 644
144 70 147
677 176 598
595 261 407
50 288 409
92 212 243
375 118 473
355 211 477
468 241 309
694 489 675
250 9 353
679 231 667
609 297 408
18 210 240
545 126 244
415 178 329
594 115 517
583 134 468
385 510 692
688 214 701
671 136 561
538 191 506
418 69 79
475 152 323
89 49 508
219 592 669
464 95 672
446 418 422
608 351 483
124 312 668
662 81 632
438 570 705
621 450 530
646 47 554
716 29 617
622 260 585
328 99 531
320 406 527
603 435 579
54 3 673
472 383 475
55 454 703
218 102 281
642 276 533
16 27 106
724 708 722
260 342 583
465 216 222
607 277 580
635 114 467
706 504 629
296 14 236
395 195 254
284 509 630
413 172 382
659 63 148
280 110 287
573 154 724
127 285 346
256 481 523
129 174 512
231 242 659
525 266 519
725 339 711
339 318 651
302 416 596
49 238 321
191 360 486
267 142 133
519 20 424
683 119 601
187 91 459
173 643 728
17 218 433
202 85 175
717 279 712
709 621 646
221 57 150
13 472 499
451 22 268
711 109 453
652 255 681
304 164 202
454 46 548
480 267 391
730 55 714
548 300 448
301 444 698
512 166 455
697 140 366
589 13 505
596 356 575
534 332 401
30 11 156
523 61 237
4 173 730
185 188 487
521 413 511
153 56 340
303 221 325
613 75 559
584 111 593
7 278 308
425 52 122
435 269 539
462 230 495
669 403 628
650 363 541
14 60 2
655 412 520
368 36 130
723 652 683
537 170 307
712 37 620
552 113 128
97 181 246
332 40 395
581 129 591
142 12 73
91 90 84
469 98 131
71 65 396
634 7 388
428 5 567
337 304 578
707 299 706
353 158 192
554 71 521
551 163 227
680 482 664
670 305 587
188 153 431
10 397 446
361 58 551
565 476 515
121 251 502
616 32 274
342 53 498
619 15 100
327 447 534
728 180 727
352 45 78
698 330 654
135 34 368
1 4 731
605 258 425
636 399 586
504 139 610
714 665 674
272 184 686
611 105 226
37 365 602
689 50 480
704 35 557
397 96 177
633 151 569
632 295 367
629 314 560
535 208 213
687 464 677
705 490 676
691 536 656
