5737 2868
1211 1234 3391
5690 4988 5671
1967 814 2041
59 2909 5124
5145 3064 4395
1428 4161 4325
4481 1670 4451
4793 465 4635
5519 2019 4394
5315 1044 3949
4050 72 2744
2959 1748 2182
4619 2360 3996
5395 4207 4542
718 404 1292
2054 4046 5527
5243 284 2330
4817 3382 4547
5658 4875 5522
4897 1211 4204
638 4279 5315
4771 732 4404
4008 2743 3839
4858 2005 4121
3925 1386 1648
5329 3221 4613
5299 530 4946
453 2349 4274
1212 5003 5460
1974 439 4186
2053 1017 1383
5303 698 4890
1040 3738 4590
5316 3677 5083
1457 885 2089
578 2540 3554
1813 2931 4365
4825 576 3517
5180 1123 5181
1239 379 507
5659 3335 5651
2814 1089 1458
4143 290 3979
3050 547 1287
895 1127 4658
924 3665 4582
4718 3033 4304
5127 3715 4526
4623 1780 3535
1613 1616 2877
2881 1820 5422
4506 1653 5646
4454 197 262
1454 3592 5408
1874 1680 2776
4822 2311 4050
5527 3161 5429
4193 2832 5568
4493 845 2847
2957 2050 2188
3104 917 3750
2660 568 4983
574 983 4408
1004 368 5502
5240 487 5105
4021 926 3790
4012 2320 2799
4757 2328 4421
4350 3720 4235
5072 692 4358
3486 3231 4812
1129 2453 3865
3581 2673 2740
1102 99 3434
2932 3519 5445
3914 579 1781
1502 232 562
3742 1074 4974
1942 2787 3654
5118 2797 5000
4414 2239 4303
3402 4334 5679
2766 805 5566
487 1404 2260
4141 726 2882
5232 2259 4021
4990 964 4219
4862 220 3770
460 757 2098
3972 2513 5135
154 254 2755
4641 1513 4634
4457 29 3811
5181 2981 4523
4228 1690 3129
4222 936 2415
2826 3310 4384
195 334 2630
3499 1277 1420
5402 1272 4882
5622 4193 5599
5194 437 5085
5233 3437 4022
2923 276 5489
4284 417 4901
4672 1371 4374
3962 369 4045
5637 1217 5344
3570 424 3381
4856 2855 4793
3365 1011 4654
2940 2080 2872
5553 950 5403
4297 2006 3891
5560 1870 5254
3055 2304 3662
3472 304 5470
3100 891 4891
5161 2602 4289
5483 1019 4737
5117 2798 5084
2914 2323 3696
2556 5386 5457
5499 5423 5484
5054 821 4777
3198 1209 2265
2954 2462 2890
5592 4902 5211
4643 3919 4409
3881 646 3438
276 472 5206
4418 2767 3001
4751 711 2943
3985 4198 5099
3974 2060 3209
5616 1675 5480
4968 956 3871
2978 707 1261
4794 671 4473
3032 1262 2965
5226 3387 5091
3874 3735 4665
1015 2633 5676
4869 2030 3822
345 4903 5227
4842 3638 4555
3373 109 1801
5174 1816 2271
1591 3634 4367
4982 471 2441
594 1945 2521
5672 720 5647
2550 1425 2247
4556 1098 5269
5603 930 5565
3109 5163 5509
5494 4026 5193
3768 1319 2554
4091 787 4924
805 571 4519
429 3666 5710
5231 4524 5145
4609 1351 3471
5643 1713 5636
5653 349 5492
3606 1855 3026
4069 4780 4877
857 4249 4956
934 1152 3301
3953 1168 3549
4553 981 4275
5278 3154 4825
5097 365 3948
4270 287 4578
5301 785 3845
5141 4010 5035
5071 2944 3452
4950 2595 3566
5675 4196 5547
39 619 3957
4552 1023 2566
4386 12 3685
2888 1428 4845
3124 1424 3502
3534 5 862
3406 3361 4134
5196 3290 5058
1697 1992 2364
4523 1800 4257
5210 3488 5059
1358 4158 4786
398 4011 4609
4841 655 4576
2082 264 5653
5129 4466 5368
4086 621 3763
5159 989 3658
5126 1102 5119
5122 104 4346
3507 543 2127
4638 1998 4690
1504 375 2727
3381 1061 1269
5551 1117 5415
2122 3706 4887
1614 1456 3074
3790 2649 3772
4960 1708 3010
2109 1921 5488
330 5129 5619
2265 595 808
5364 438 5154
123 247 1285
2347 2144 2418
5558 4145 5395
4798 1867 3645
4815 239 4032
447 2519 5241
309 2514 5640
4339 922 4441
3738 545 4253
4425 2207 4218
4486 1327 3370
4939 2016 4894
2584 79 2374
5156 3042 3971
4991 4579 4751
4248 1060 2391
2437 2140 2605
5207 1132 5158
4138 3096 5725
2485 1758 2333
5698 4626 5666
5213 2451 4120
1774 2562 3802
10 1337 5736
937 1785 4227
2153 1221 4128
5279 2717 5458
3008 3083 5672
1763 3521 5208
17 3556 3571
3056 1634 3020
332 3400 5621
4986 3425 4855
3529 529 3139
2906 1210 1441
4861 4417 4653
969 1162 1429
5497 4540 5093
981 1531 4127
2795 1259 5357
3376 1584 1679
5271 747 5071
2321 982 5096
5717 1335 5503
3987 1466 3048
2659 722 2138
2837 3907 5615
5411 2564 2812
5614 3708 5474
5258 2565 5136
3785 993 3505
5185 4898 5217
1986 343 912
199 113 5358
1753 36 1414
1567 1058 3147
4226 1430 3512
2516 1802 5328
2797 2466 3759
152 4563 5405
2806 489 3611
5374 205 5216
5716 4512 5701
886 3427 3469
2528 2152 5724
3248 477 2640
4885 1073 3921
4906 1884 4879
3926 979 3711
2257 3576 4651
1973 970 4802
3832 1070 3490
4540 2706 4792
4078 2205 2383
3636 4848 5075
4432 401 3829
3458 1776 1981
2737 4071 5252
4044 2196 3649
3337 577 676
1222 1724 3298
940 3008 5709
1375 3472 5693
3713 3245 3287
896 2352 4208
3154 2788 4731
476 70 811
5008 2500 4997
2335 4416 5228
4640 3272 4291
1885 511 843
4321 1076 3031
4187 4153 4221
3994 3493 3603
3156 1194 4237
2496 2386 3736
3851 2371 3589
1828 3530 5088
4832 840 4688
2007 226 5045
4752 3741 4706
784 3347 4518
3454 1452 3073
4517 1509 4074
5300 616 4926
4184 3104 4426
5356 1183 4789
4537 2692 3754
446 9 5681
3490 1052 1195
5344 3358 5341
3368 1397 2779
1557 792 3615
3322 3267 3661
1728 1280 1695
5065 4495 4565
2405 1175 4041
4503 2009 3453
3969 2927 3507
2005 1983 2647
5633 4647 5533
3869 474 3413
217 1706 5150
5260 630 1035
1624 1799 2113
4500 494 3688
1293 1720 2147
3611 2248 2303
5400 1614 5338
5598 3631 5559
1409 464 4951
2710 274 5290
472 3874 4912
2542 4556 5645
5183 2583 5151
2259 775 3583
3394 360 2937
5422 100 4622
3517 947 1390
383 1027 4333
4772 4206 4655
2649 890 3316
2515 1917 2224
4482 2654 3350
786 3158 3479
1947 4559 5159
1255 4638 5012
4996 4434 4866
4769 1974 4644
3577 1692 3450
3677 333 3506
5432 3023 5197
296 721 1673
5067 3664 4606
1701 717 1625
5709 5326 5665
4782 1072 1495
4451 904 3818
4498 3024 3753
5111 2095 4957
1816 965 1376
3163 211 1088
360 1165 2086
1279 2603 4738
3532 4159 4580
5277 1849 5076
4659 2610 4517
3820 2940 3978
3922 302 1794
3158 2180 2449
5383 697 5324
3592 1933 5114
4768 2094 3013
5296 4155 5110
5215 296 2454
5113 479 5137
4671 27 4594
1898 1077 5508
517 4256 5430
5472 4084 5173
4807 5008 5237
4317 2312 3867
5291 1431 5027
4675 3208 4972
18 4072 5348
5073 502 4216
1139 244 1010
4875 2164 5323
2700 4282 5466
5386 875 4566
5312 1532 5034
5298 5036 5214
1406 3973 5581
5244 28 4835
4093 389 3995
5088 3339 4585
1202 1881 5544
5594 2229 3881
1284 330 5626
269 159 180
1630 3021 4047
2873 1128 3265
113 1370 5104
5667 3924 5482
2359 3734 4488
5535 66 5302
999 549 755
5358 1774 5273
136 3966 5005
5121 3856 4896
1425 1169 2090
2924 561 1663
3142 519 3125
5176 4183 4444
75 3378 4075
2465 172 1134
1865 112 2210
812 838 2468
5537 3131 4226
368 106 5376
4087 188 606
3290 164 4516
2581 1962 2512
905 356 4821
4130 858 959
5357 3600 5289
2905 312 5230
3049 2486 4558
1991 1378 2484
5492 3103 5189
5368 2588 4460
5505 2232 5334
4478 3546 4244
5305 117 4757
4497 617 1025
4361 1408 2494
5034 924 4947
1738 2055 4771
5248 2636 4755
4686 4035 4933
5722 265 5635
5389 5044 5133
2883 1882 4328
1191 2694 4465
2029 2563 2646
4235 1527 3473
5533 4895 5028
4642 784 4593
4040 2504 2598
1938 14 1977
2758 1100 3214
1732 288 5079
2853 1701 2467
5394 580 5213
3910 2175 3906
5086 2398 4958
1305 1898 5562
4786 1476 4314
4192 2141 2634
3383 1316 3266
2451 861 1598
2586 484 894
5096 4 849
1693 2351 2975
3545 1844 3419
5080 1263 4677
497 3423 4261
4811 358 2306
2664 165 951
2427 943 2307
3936 3223 5481
5684 2126 5280
4520 906 1604
3619 3531 3599
4257 3108 3635
1156 160 1085
2043 3323 3446
5284 2790 4772
1019 4425 4442
4667 2950 4541
5324 4470 5112
5652 4211 5009
4775 442 3691
2410 3681 3843
3332 380 2237
4340 2337 3602
5094 2747 4944
5004 672 4315
1562 506 783
3559 52 744
4470 893 4479
3643 308 1975
2478 1427 3309
913 794 4918
2571 352 2158
2966 612 3477
3026 481 839
1670 3321 4140
2215 1111 3155
5591 2827 5573
1532 2302 4600
5112 310 3752
4904 2752 4464
4467 1416 3463
3036 394 2522
378 1385 4668
223 3726 4649
5373 3372 4551
3833 252 3494
1706 4092 5147
5035 2861 3900
5610 1212 5541
4931 1433 3627
5365 388 5318
4434 4514 4791
3891 55 837
5699 4506 5690
5423 2493 5361
5607 915 5094
998 1112 1696
2876 2177 3240
3938 194 5285
4719 854 4065
5138 2878 4863
5512 1421 4833
2133 848 1642
4390 140 3520
5033 719 961
1382 2891 4280
2006 2903 3821
4250 2570 3855
3978 1716 2629
4973 4070 4798
4584 371 4577
482 1505 2515
2302 1270 4058
1204 3482 5108
2578 406 2032
1402 1982 5723
2131 541 1071
5347 4319 5092
3471 1730 3151
5262 4250 5081
2010 3153 3300
415 2688 4231
5285 3581 4969
5162 4596 4797
1576 2153 4770
816 3695 5311
5230 1739 4131
2530 278 2390
1840 1770 3744
3757 684 2558
5036 998 5048
2242 422 1296
1672 1540 2242
4332 2828 3693
5544 2007 5504
407 1360 1535
1427 142 3264
2601 175 2501
3627 799 3524
2039 2107 4805
1436 842 1744
4524 4520 4856
1978 2922 2957
2870 1463 2389
5307 2867 5170
3219 954 2014
3326 3168 3994
2203 71 4162
4826 2227 2871
5217 2043 4715
4574 2748 4383
3457 596 2277
2369 3563 4717
4746 4278 4382
4301 448 871
4157 4872 5131
393 313 2226
5615 3457 5596
4092 120 3672
270 2577 4143
1347 2754 3273
5665 4360 5551
1628 208 1125
66 602 1970
1654 3093 3778
5720 5607 5682
5350 1129 5178
5679 1367 5584
5453 1609 5294
4518 1198 4240
4801 455 2824
1272 1250 4800
5273 2078 4301
5428 1208 3580
2313 1411 1583
2267 3573 4728
509 61 5190
5135 1764 4083
2539 135 2114
626 1373 4625
5536 5385 5448
4077 230 2852
5621 3099 5536
132 1359 1718
4416 2111 5050
5481 2874 5434
985 2800 4359
1782 133 2612
83 4030 4399
4618 1369 4169
3029 1563 4817
4009 101 2901
1180 733 4296
2284 607 1592
4754 524 2930
1037 137 859
5351 1342 3081
5083 2552 4806
1819 3937 4300
1301 1343 3799
3203 1959 3052
3680 1752 2499
3873 2448 3866
4477 1191 4616
2154 1294 2825
5418 4284 5065
4646 3398 4915
2555 81 679
4189 3293 4636
4041 740 3942
492 3159 3997
3513 2686 4990
1667 2618 3883
4726 3787 4595
2762 1338 4267
3641 653 1641
5109 2485 4621
1926 267 1811
3805 683 1944
3666 440 5574
2608 1617 2661
4630 3260 3930
1645 293 1236
5421 1784 3116
5433 2458 4423
2750 2842 4970
3896 11 3441
4656 452 508
3547 179 869
101 1508 1893
4911 1313 4433
3297 1919 5293
5371 1286 1582
3371 94 2956
1820 1170 4608
4722 376 1518
5730 5611 5728
902 4044 4701
3827 731 2666
1933 2693 3954
2304 1896 2783
2353 2608 4324
471 1336 2121
5375 5023 5281
2245 2102 4002
5385 4335 5446
568 2343 2419
3138 428 3027
4571 578 4152
4604 150 4168
5706 1406 5663
5660 1305 5609
3576 3112 3892
2683 1657 2193
4131 1619 2791
544 3925 5476
666 2405 4610
1268 1591 4982
5235 3447 5732
3358 1218 3699
833 1843 4948
5456 107 5299
5412 4036 5409
5663 3091 5627
3024 1063 3183
2023 237 663
5108 1157 3170
1329 1090 2894
3143 2751 4865
5247 3724 5052
1321 2008 4472
1537 556 1543
2991 546 1051
4914 1889 3792
4774 2898 4054
5539 1561 3389
1022 114 44
3630 305 514
4928 3791 4907
5084 2835 5062
3975 2771 5049
1080 1265 1546
4883 3932 4521
4234 187 3388
56 640 2059
5259 622 3876
3555 903 1394
5195 1328 2426
5529 4698 5491
5363 4736 5268
4413 1526 3332
3597 3188 4389
2848 3418 4906
3269 485 4119
2111 1148 1809
723 1734 2983
4736 4544 4941
3774 1769 3077
5148 4393 5220
5611 2388 5726
877 517 5542
4492 216 2157
4358 1056 2611
3202 650 4703
2426 367 668
3990 385 1562
4072 3365 5200
5654 2881 5563
5550 217 5486
2661 1507 1756
3786 706 2433
5488 3732 5098
4998 3536 4695
4894 250 3827
3378 1913 3756
3782 644 3467
1183 3847 4326
2572 2214 4066
4585 1293 4293
3140 256 3146
2481 1454 5435
622 1937 3247
4507 1953 4295
2255 1991 2530
2577 3180 3396
5045 574 5039
1151 1905 4167
1230 1656 3781
5648 1522 5592
2899 1136 3525
3915 3578 4927
5009 1667 4528
5504 1697 5175
4580 249 4570
1647 2651 3254
344 2523 2593
605 1389 3660
5657 447 5578
4713 659 4659
4661 3974 4438
4522 1382 4485
891 603 3766
5631 748 5582
3519 557 5440
1391 2165 3629
5491 2321 5167
5391 1018 5177
4364 2099 3913
4566 347 1796
5731 2701 5717
5557 78 5501
5703 642 5638
4333 2222 4117
2349 4093 4173
1385 181 3547
2757 1961 3614
2879 864 3252
5058 3377 4671
5455 1075 5369
5545 2256 5020
1117 4627 4811
3283 2353 4461
4064 1927 3176
2016 3374 4377
2845 4137 4413
4927 1875 3774
28 2124 4431
1404 177 1677
2140 1783 1906
5017 1662 4012
5252 3998 4708
3682 1727 2112
1098 570 1940
3260 2166 3926
3503 2359 4586
494 322 2358
3083 548 5576
5051 1853 4592
4702 3990 4418
5269 581 5063
396 738 2938
5168 4122 4827
782 162 2024
4673 4135 4598
5476 5152 5346
4515 3567 4450
5019 772 4604
5409 2326 4225
5220 138 4998
4285 3680 4115
4935 1174 4718
4590 75 4124
5627 4129 5475
5630 451 5526
5728 2528 5727
5589 3684 4707
207 2480 3175
2950 1996 3271
4965 4028 4148
4201 1368 2420
5228 3255 4760
1882 1714 4103
5326 909 1514
2143 633 2300
4995 4020 4713
5723 2228 5718
3498 3235 4971
3045 975 4925
571 587 765
4108 1533 2246
2900 1126 2270
2636 2699 4147
4006 1057 2527
1681 3569 5284
5339 702 5331
4286 3037 3816
5119 3797 4312
1585 2457 4670
3387 2162 2538
3965 307 2919
581 657 4897
3296 3215 4683
4694 1020 4391
1709 393 2489
5624 4699 4768
227 2131 3981
2354 1826 4007
5123 3817 4548
5338 3019 5319
3970 328 2105
2312 2600 3775
3445 185 2096
809 2819 2880
5265 2517 2560
4819 3788 4262
3449 354 2582
3919 1480 3716
3946 3210 3765
4429 4388 5313
5552 4445 5543
3006 2614 4639
4530 1206 5730
4959 1755 4067
1106 4387 5278
5342 990 2018
1330 3238 4788
1808 1635 2387
4877 3449 4637
2295 2815 3728
2946 665 2808
576 1603 3040
5562 2805 3194
2326 3459 3748
4848 2119 4564
3556 2268 3246
555 2853 3097
3093 1912 3771
2273 1818 2056
1430 1243 2137
4202 3259 5306
2880 643 995
5475 3498 5024
34 1097 3523
4172 2735 3922
4812 4363 4769
5451 121 3405
3849 4096 4313
720 797 5586
2651 2319 3174
4797 480 4214
5066 1993 4123
4355 387 3831
4456 913 5450
5486 1201 4841
752 850 3582
1793 426 689
1881 4095 5350
5282 2986 4858
2960 764 2954
1849 1664 4462
5320 1436 3534
5131 492 4492
323 3268 3719
4155 2377 4372
1333 1934 1984
1388 1771 2470
4547 470 2992
4007 102 1173
5208 1330 5203
5736 429 5720
2368 1045 2252
4002 585 2745
4923 2135 4869
1338 863 4114
3038 826 2933
1703 2429 3346
5290 4762 5239
411 1062 3220
1733 536 1160
2719 1537 2356
2415 33 167
5585 1605 4527
2949 2347 4712
5042 462 3869
5152 1166 2625
2320 637 1181
5546 2070 5443
4161 770 2495
4583 1719 4229
1020 4171 4233
4617 2432 4078
206 1332 1836
5506 3557 5473
3506 2831 3078
4444 1579 3884
2855 899 3468
5485 2833 5401
3549 1685 3475
4242 537 2679
5218 3458 4766
2021 2549 5015
4115 1703 3656
4866 3067 3928
4287 84 681
4020 1895 3643
729 2134 2160
1530 771 1880
3046 729 2635
1726 1778 5314
5155 1594 5233
1841 1470 1817
5569 3012 3228
5719 408 5706
2152 3466 5624
3527 1248 4778
4398 323 4534
5241 1099 3879
5297 19 1524
5636 816 5363
2294 1215 2817
979 2829 3633
1664 3163 3810
844 730 2697
5214 4801 4832
4283 2958 3327
4230 4720 5601
5048 2643 4316
4299 1334 2339
796 538 4511
440 2460 2671
321 1264 1729
3270 1472 1931
4724 1268 4993
711 196 2465
4941 2238 4620
3427 1233 2978
3800 1172 2939
2999 2555 2936
897 1339 3062
4266 860 3745
5575 4269 5461
4090 2490 5616
1804 1624 3184
1860 148 277
3551 206 2036
2407 3140 3872
1553 453 5455
3303 1444 4553
634 231 611
4156 390 3723
4658 2900 4493
283 2438 3299
4962 348 1900
5670 1997 5078
3890 1865 3655
2976 656 5276
1718 174 1556
5306 4060 4838
4849 1096 4414
2529 3280 5602
2072 2301 3107
5187 4480 5149
100 647 4106
3415 658 1443
1913 2362 3562
5192 210 3895
4402 1449 4984
1215 1054 2674
4211 1672 2273
4545 1847 2713
1522 391 5327
4852 3461 4347
5712 4090 5684
1998 306 4064
4016 2185 3814
697 1230 4177
5132 3202 4852
1675 1130 5364
4949 1365 3701
461 3348 3683
5179 1901 4098
4502 3965 4082
5249 1951 5242
2445 1177 1831
2642 3857 4410
5092 902 4936
3708 714 2736
3608 4141 5082
3579 865 2731
537 273 1138
3761 1407 1606
991 554 3025
2406 1418 1649
3856 2953 3880
598 509 5274
5493 2708 5236
4913 168 3480
776 1066 3291
4985 3846 4943
107 978 4851
5673 2479 4024
2592 98 1595
4511 752 4412
2983 1639 1803
3411 2475 3101
5193 3794 4581
4183 2725 3172
3780 1083 3731
4582 3709 3805
4789 2051 4150
889 1839 1845
2824 2281 2719
4484 4601 4905
1884 1952 4749
978 1871 4508
218 1189 1859
5090 2071 3407
3447 4612 5712
5674 1487 5639
1483 1251 3896
138 2663 4587
586 521 2594
4716 803 882
4181 945 3445
1055 901 2968
642 3588 4881
3930 411 3650
3971 942 1910
1456 736 2638
204 300 2331
5508 5165 5215
451 2761 5300
5239 4977 5205
5136 443 5134
5583 1409 5317
4014 1596 3058
3464 189 1723
2493 4908 5225
5515 3262 5370
1500 1736 3066
2618 1899 3219
5425 409 5198
5328 245 3586
4514 4242 4711
3259 1131 3167
2008 1468 4419
2774 434 1892
5581 2293 4949
962 2397 4018
1227 806 966
4781 2709 4754
4748 2966 4259
3504 1834 1873
3347 1555 4298
4058 2746 3442
4933 2341 4352
5655 832 5271
5452 2914 3986
24 445 5055
4747 1103 4164
1981 386 449
4978 2551 2579
1851 2106 2526
71 2876 3989
3817 1446 3704
890 2928 3179
941 2690 3780
1785 873 3768
4302 1114 4268
1029 977 3193
1919 1615 3428
4191 1256 1948
4739 3639 3946
1806 660 753
3481 2354 4027
4255 3687 3689
2480 1276 2589
1811 261 1728
2835 154 3795
5514 4562 5426
4891 566 3314
4450 3962 4154
2213 1506 5694
3105 1326 2682
5511 1121 5497
3957 2045 3945
2616 3317 4498
631 3700 4125
4312 1491 4160
932 4398 4618
3736 3318 3515
2161 4156 4213
3375 1295 3491
2867 2850 5144
5543 2335 5379
1949 2082 5669
1988 2184 3150
3771 3307 3495
3675 441 3476
5049 1578 3288
797 3510 5162
4162 407 3095
5549 3812 5604
2238 555 3751
2728 1646 2653
4438 4222 4239
540 1246 1478
4925 1687 4763
3731 957 3692
2487 846 1400
2701 2766 5662
1244 450 1379
5027 1717 3951
2473 645 3411
1374 166 4435
5457 636 4310
3737 1490 2400
5713 4513 5644
1834 675 778
4065 1235 4001
268 163 4223
3981 1229 2946
5573 2023 3804
5480 3915 5253
3583 1297 2753
3796 1122 3082
5471 1082 5356
3537 2075 3927
5327 2116 5174
2269 742 1957
4743 3408 4674
4190 3537 3959
5619 18 5613
2507 2676 5074
5223 2913 5169
3864 2169 3177
4019 735 5354
591 1700 2668
5238 1267 4975
1018 564 1960
5283 4170 5257
4834 86 3508
4555 3911 4503
390 2543 2657
3380 378 5431
732 773 2732
4974 1232 4973
3839 1747 2125
3228 1807 2298
4835 1725 4178
4971 2904 4525
5102 4004 4311
4265 1520 2344
1381 171 301
1506 3199 5577
1076 551 1116
5502 433 5416
4165 2645 3982
3815 3315 4380
2678 662 654
3511 1107 3433
3660 2730 2917
3015 2915 4149
5360 2363 4285
4279 2509 5295
4943 3789 4392
1959 431 746
4557 1722 3204
5268 2886 5011
2565 184 4862
5397 4411 5384
3299 1067 3243
1069 2406 3229
4237 2357 4151
4331 553 4265
4994 2369 4979
3776 1946 3809
5056 1823 3690
3274 1350 5518
391 2733 4702
5629 2194 5396
982 3694 4373
3804 1193 3561
225 533 3137
5708 827 5707
2433 1669 2399
5664 2315 5171
945 1137 2997
4790 1650 4234
4225 3111 3917
3949 1324 3853
2811 531 4029
4647 4484 5051
1335 3343 5498
4479 3969 4085
2314 1034 2026
5060 2421 2539
5565 5182 5392
2004 3319 3577
5498 5168 5275
5625 2700 5600
4453 2101 4210
4383 3086 4264
5531 4456 5506
5559 1271 4808
163 867 4023
1969 1419 3431
1005 2117 3939
5525 3967 5304
394 1171 1939
3596 35 1999
3706 3597 4405
2850 2839 3657
1049 2346 2780
501 413 3725
5151 1300 5007
5671 4039 5286
4600 128 2970
5438 5180 5377
908 667 866
2695 801 2199
5144 3410 4759
4516 80 3295
3514 1938 2613
50 1965 2212
5257 1558 4338
4277 1049 3568
4942 523 4810
2132 4396 4437
5721 5538 5716
1487 2837 5618
3835 73 3414
4526 584 3489
3828 3036 3663
3017 2604 2803
3167 30 2571
3720 1876 2659
2791 763 2547
702 2004 5022
1136 1499 1825
4845 3294 3516
3963 3678 3854
4243 23 4378
1653 2109 5528
3645 1954 3160
5640 152 5633
3539 478 3275
3955 608 868
357 4880 4889
3845 2576 3826
1401 939 2534
2051 1318 3412
4385 1196 3432
2398 3859 4740
1155 190 3485
5321 1329 3324
336 1712 2498
4563 4056 5121
248 4175 4809
4813 3739 4721
5393 1862 2768
5689 504 5687
1232 626 4850
2448 3386 3702
8 1204 5570
5128 3056 3931
3436 92 1153
5038 1445 2110
4508 4118 4427
4636 397 4386
1082 3241 5006
3255 344 3637
3766 269 2309
3966 1786 4857
4207 1001 4212
3033 2366 2991
3258 4607 5564
5059 4015 4061
4195 2782 3819
4764 1668 1792
4510 1473 2275
4696 1636 2413
3377 1039 3002
5513 191 4111
1616 228 1560
4313 2907 4309
5564 4533 5471
5166 2230 4415
2621 31 834
4598 213 3710
3846 4494 4867
4863 1363 3902
1491 1698 3492
3612 1489 4224
4401 4230 5670
2858 476 1704
4755 829 2777
1490 1517 1868
2609 2267 5126
5219 1118 2707
2836 3868 3914
4217 2249 3282
445 89 2561
3728 1310 3651
3092 836 3587
4695 1387 2759
4269 430 5413
5025 2038 3707
1836 1223 1694
4767 1442 4081
2963 2189 3610
1761 1620 1711
5702 4052 5678
4392 2773 3953
1558 572 3304
5077 3764 5066
3410 3326 4588
4799 648 3830
5530 2637 4931
4698 5224 5307
5369 155 5095
4372 3152 4344
2945 1735 3565
5593 1732 5287
3382 605 3737
2567 1000 1879
3929 295 4436
4375 2046 4107
4599 2952 4277
5002 2757 5128
2526 1570 2231
4140 3618 3964
205 739 2884
5424 203 2192
1963 2599 3333
1797 5590 5654
3825 1349 4859
3620 1225 2172
4216 1627 2487
4917 641 2379
4089 3390 3673
5651 4864 5594
1494 491 980
716 976 1028
4705 661 4468
402 1141 2739
2079 520 1465
1182 944 2217
3502 503 2985
4873 1863 4629
5384 1345 4645
1815 4583 5444
3673 897 3253
1459 789 4126
5479 5185 5391
1343 2428 3470
5468 631 4297
5160 4820 5106
4576 1022 3000
4804 3126 3956
5177 1666 5072
4387 3474 4669
923 2972 3192
5349 364 4108
4209 1135 4584
5595 535 4406
297 1789 2665
4519 2129 4245
4622 1081 2921
4612 4019 5355
5205 905 4938
4896 1492 4088
4335 3376 5250
5714 2404 5713
3573 1249 3456
4977 919 3455
3605 2994 3500
1498 997 2403
2736 1987 2176
1231 2627 2695
4603 1777 4455
2198 4646 4961
78 4870 5499
42 4689 5255
1656 1647 3674
656 2015 4836
1 10 5737
5507 1763 5494
2073 1037 2705
5469 589 5201
4380 2443 3256
2488 1053 5139
2194 3481 5089
2459 243 759
186 2860 5490
5264 1643 4904
5547 403 5251
5458 2332 4343
3488 4248 4322
1449 1557 4824
5021 418 3281
5662 3045 5283
4289 2290 4263
5634 500 5417
4475 32 3233
5727 940 5714
2860 1828 5418
4850 2760 3828
4831 3098 3514
4067 272 855
288 1003 5047
3425 686 3575
4011 2288 4258
4404 2296 3504
5474 2516 5472
4455 974 3834
150 2967 3877
3684 130 4630
4918 399 674
3004 131 1523
2129 3743 3955
4170 2414 4306
3134 309 5688
1511 2446 3113
1254 1303 1964
3477 2133 3217
3508 2544 2621
3501 1715 2537
5001 3850 5642
5650 1380 2592
4568 34 3730
302 967 1119
4626 2022 5335
5164 4059 4370
1778 1874 3007
5503 4663 4939
290 173 3444
1843 2813 3057
3285 1333 4101
4504 215 2580
1075 2156 2765
5346 2667 4945
1369 1364 1588
3745 3065 3132
5082 2042 3733
4562 3483 5117
3976 4816 5282
1084 1254 2626
5407 2361 4602
2535 2473 4700
3709 3590 3609
4870 2546 5381
1178 2662 2959
3475 212 3292
5618 1726 5400
4824 4146 4822
3899 652 1760
4750 1202 5610
2720 59 5447
1548 923 3226
5057 1347 3903
1958 800 2984
4424 2068 3195
1725 2282 3041
3244 2291 2807
2761 419 4458
2126 2696 4885
5023 937 4914
5638 2529 5603
5380 1788 4893
5403 5202 5310
4828 1014 4329
5448 398 4909
4592 1601 3767
388 5002 5258
3831 798 3164
5571 2278 5407
3618 3436 3591
3518 7 5172
2851 108 1745
3678 1484 2079
5292 497 4748
2624 2154 4254
3572 2820 3415
1802 1966 5026
1992 253 1146
2130 1159 1749
4867 3543 3970
4043 460 2738
1929 143 1519
2266 2962 3182
2115 3274 5658
4909 1461 3044
5563 42 5390
4221 1610 2541
2289 95 3864
3525 948 3440
2903 1426 2013
5032 666 4847
5639 5279 5631
4538 3296 4829
1127 1315 2066
4188 412 1009
3599 26 701
2912 2845 5463
3631 1258 5360
4417 777 3320
4085 3529 3641
5490 3976 5316
4490 1860 2628
789 2998 3604
5149 4538 5037
3633 1192 2382
5100 1257 5107
1271 2642 4617
307 2240 2655
4662 3532 4597
4961 311 4662
4459 2929 3722
1979 423 625
5089 790 3584
2263 5118 5553
2316 271 876
2844 427 1676
5605 1154 5597
2055 298 4660
2110 1530 2017
1799 1629 1829
5696 544 5523
3087 2187 4478
3183 898 2683
1422 1151 5367
4749 1341 4475
1224 1455 2287
3177 1388 2863
2807 1710 2569
1077 4843 5362
134 609 2355
4761 2469 4692
2460 214 694
4267 2869 3395
2057 314 3046
3879 743 3105
4785 3369 3747
5576 3541 5397
5579 4569 5016
1291 1091 5231
4253 1613 3451
2011 209 4286
4753 1915 2948
408 4750 5702
5587 559 5349
2362 15 2786
3096 1340 5711
4581 3136 3359
1889 221 1765
5317 58 1355
443 4132 4643
5574 3742 5500
5642 4294 5623
3940 628 2206
2967 1602 1772
2035 127 146
4324 3622 4139
4535 176 3940
864 280 2186
4100 2802 2868
4948 3746 4932
4657 3366 3559
939 50 2483
2009 1688 3187
5620 2987 5575
4539 680 1914
3342 1156 2223
1418 601 1538
2253 610 1108
5366 4724 5339
2337 594 3462
2340 3852 4073
4591 996 4236
1466 888 1283
5572 638 5438
3589 1705 1827
4708 2279 4575
616 499 4899
4513 1284 5628
23 96 3934
5683 5184 5428
5234 4385 5520
5221 3049 5209
1208 881 2168
2891 2430 3368
3635 259 3034
5382 1791 3991
4899 591 4422
4644 2204 4554
2676 1833 4922
3668 1773 3621
5272 64 4767
5735 4837 5719
4062 3011 3340
4805 1890 3539
5103 1766 3992
5447 4730 5382
3842 1038 1381
4252 266 2235
2028 3242 4672
4348 3761 4252
2558 1515 2325
700 3336 4782
409 2949 4818
5528 2434 2670
5487 1840 5366
4039 1451 5187
5274 3385 4813
3892 157 3030
4601 4228 4876
1751 53 234
1384 1814 2532
5029 2266 4215
5401 3820 4457
4907 1317 1848
3236 238 4063
2907 2069 4014
2503 384 1026
565 2609 5517
5348 5101 5336
4889 3935 4834
2985 874 1133
4388 4954 5109
2214 105 2241
3483 2789 4364
4823 1216 3893
349 357 4985
3700 1821 3579
4179 3540 3806
4900 3933 4830
5521 2028 4726
4564 2203 4560
4113 1891 3848
1662 457 3727
4890 522 3102
915 2714 4888
5390 4100 5378
2944 355 2128
2506 1139 2179
3809 2503 3356
4057 1549 2002
3787 2003 4440
5694 3938 5661
5388 2250 5380
3812 877 5567
2513 1504 3203
5182 2286 5332
2077 1512 1741
4117 201 2841
2699 3890 4016
4030 3406 4357
4980 3985 5297
2770 299 2774
5130 2963 3670
4916 324 3198
2333 88 1852
3091 2964 5598
4779 2672 3373
4120 346 1242
2388 3593 5705
3465 1767 2416
5467 3542 5412
2355 153 1806
4838 202 3801
1097 2159 2942
1866 4675 5249
4932 318 3999
1046 3149 5593
3364 3061 3355
1643 240 4068
3799 473 1846
4776 852 4611
1266 3119 4624
4788 2857 3783
4715 3420 4603
925 1176 5097
2104 604 802
2842 1144 2348
1634 1226 2200
4740 1222 3870
4468 1309 2918
4730 3545 3574
4076 758 2974
1610 1902 1929
2107 2031 4680
5227 2896 4505
3515 139 3075
5461 1113 4666
5623 3486 5487
661 2811 4287
2290 2385 3640
3000 1092 2409
1099 1498 3329
4940 2061 4849
5704 1972 5452
5567 2054 5540
5541 3526 5519
4176 844 2763
5554 1958 4661
5222 1503 4967
3702 3197 3334
2614 93 4546
2610 161 178
4952 2572 4632
249 3595 4194
1316 1438 2712
4586 1479 1908
2708 458 1762
3860 788 5680
1350 1947 5485
4691 37 119
747 872 5033
5578 741 5552
5534 2198 4978
793 281 4452
583 986 2444
852 3717 4486
5436 4687 5560
4346 1405 3038
363 4232 5123
684 685 2368
5028 1622 4919
6 5140 5425
2514 5155 5608
2828 751 1002
4367 3647 3705
147 1362 2367
2686 2423 4203
5715 5436 5657
4548 2615 2969
48 1396 2020
5649 1352 5513
3662 320 2372
4060 1279 4804
893 3624 3718
5612 2624 5161
121 45 3088
5695 3860 5685
1200 1813 4642
3288 2251 2318
4053 1147 1344
4572 1599 4057
5309 2899 4886
827 4362 5483
5599 463 5353
5668 2912 5659
1435 558 2097
3600 1237 4874
2325 459 1462
832 1682 3416
4964 3360 4105
4247 2439 4166
2279 985 4397
3122 1686 2916
637 338 377
274 3285 4292
5482 3394 3617
4684 1869 4176
5733 879 5700
3335 4807 5351
1798 1497 3069
5617 4679 5014
4437 2407 3988
2052 900 1320
1823 282 3071
3491 350 737
2096 1105 1247
3168 632 2506
3894 436 2317
5434 3015 5246
1742 1241 5477
5718 332 5637
5420 5043 5080
5322 2450 5138
2964 4429 5388
1196 362 2687
4173 2452 4025
3795 518 2077
2819 1302 1810
3119 3303 4574
5310 2011 4744
3199 1030 5465
3626 2772 4640
3418 2496 4734
1236 156 725
4071 2461 3189
1123 4477 5103
1687 2455 3141
2744 124 988
5332 1529 5164
430 4157 5352
2401 1314 1824
1775 3849 4965
4616 2478 4496
4443 1654 4381
3911 1048 4483
3448 126 3842
3565 1403 2396
986 542 1186
4003 2021 5333
4678 3092 4281
4295 831 2906
3850 8 5589
4969 2365 3958
655 2658 4034
1176 1021 2474
3813 1348 1618
4026 1659 4839
4300 1571 2292
3615 1691 3337
5628 136 5288
3844 3156 4729
5522 1155 5389
1259 3729 4532
4114 505 2197
5459 825 4307
3190 4209 4826
4472 1567 4191
2694 2401 3028
3586 527 3201
5524 186 5516
1923 1980 2644
4558 132 2814
4412 820 3349
4843 3518 5247
257 1486 2283
4595 97 3961
548 2976 5558
2885 2578 2703
3943 3003 3371
3876 883 1904
5125 2340 5053
2117 2993 3171
3553 454 2456
714 158 1298
2499 615 878
5085 613 3135
4063 122 2892
4146 4184 4567
4833 4089 4499
3227 2902 4783
4460 3059 3714
2403 1496 1575
4328 3084 4197
5582 1858 5243
984 1963 3905
2151 4459 4959
2685 1228 3276
2088 618 4515
3268 1550 3623
2365 994 3837
295 381 3289
5600 2573 4110
875 1199 3325
4988 1046 5612
4930 193 1572
5669 1577 5374
5011 1559 3551
5212 4040 5157
1214 2412 2524
3521 4725 4920
5405 796 4628
4533 466 5467
5294 2280 3465
2164 4746 4854
4525 1024 4432
4546 2726 4042
1455 992 1410
3310 39 4251
1154 2556 5591
5256 2477 2669
4148 1469 2040
3512 639 1184
1517 525 1541
3277 56 2823
5413 1548 3439
3287 456 1412
4999 4243 4823
5211 1036 4356
2589 724 887
4796 134 2691
3543 48 3968
3117 920 2865
5245 815 4676
5116 1391 5038
5602 1545 5514
4692 973 4504
4363 4033 4710
4314 68 2843
5175 416 4619
5454 5554 5649
3197 1323 1678
4334 5454 5673
2846 3157 5291
1053 3342 4667
3907 3608 5256
3103 3625 4795
2961 2764 3393
2491 2253 4371
4282 3779 5433
2872 1346 1928
2882 74 2559
1780 2171 2866
500 372 4992
603 1995 2472
4474 3605 4379
5724 3134 5692
4349 1861 2408
4129 4615 5411
4389 3328 4266
1856 1087 4332
5146 469 4631
1795 5001 5677
2003 3908 4376
538 1164 4375
5542 4784 5530
176 2723 2870
2228 3094 5715
5142 804 4940
5711 345 5580
2278 4873 5210
1527 3138 3399
5415 5060 5330
4884 1331 2910
5041 361 949
1091 2255 5218
5681 1866 5634
4620 2724 4053
51 1356 1413
5015 2631 4753
3034 335 2550
560 4390 4697
4872 1304 2145
766 1932 3596
2573 1923 3257
5039 3698 4424
2224 46 1079
191 303 2511
4652 1872 4599
787 1925 3668
2461 2575 3039
1579 2130 3443
3729 67 1633
4621 1854 2702
1452 16 2052
4236 532 2103
779 1065 1611
110 5234 5535
4814 3863 4407
975 1149 1437
76 750 3426
2341 257 4195
3346 1967 3205
5478 5042 5191
4680 2990 4355
4273 3090 3553
4654 3703 4471
5201 2750 5102
671 2010 3421
5682 2263 5655
4447 294 4345
477 791 2510
3205 2219 3130
5697 1534 5630
4135 3762 4220
2250 971 5342
5398 2980 4963
3802 115 1903
5314 835 953
255 705 715
1659 999 1219
5419 2115 5689
5186 3072 4550
3788 85 1564
4663 76 4006
2357 599 1274
5725 446 5686
2470 767 1941
3674 1568 3598
5427 1787 5292
2727 40 151
475 4037 4861
265 5399 5606
3991 649 3144
4649 774 3755
5361 4116 5030
3884 1689 2142
5466 3055 5153
5190 857 5143
3941 493 3918
1472 144 673
5444 2806 3648
5251 2139 5194
3693 1109 3018
4365 927 1608
5286 1738 5267
4149 2502 2632
3416 1231 3251
689 3 444
3995 3560 3646
1676 914 1163
4945 822 2384
2709 1475 4549
3530 3087 4910
3697 1289 3435
1363 219 2935
5584 4489 5512
3557 400 575
480 315 3910
1397 41 1167
4142 149 4086
194 3626 5166
4766 341 2977
4448 366 1979
5484 2728 2822
4733 3909 4790
1561 1311 2208
258 1179 5365
3676 145 2136
3732 984 4871
5707 4401 5704
2887 3397 4342
2688 782 3807
5450 3815 4696
2920 682 2849
5178 962 5067
5114 4482 4693
3669 4091 5493
3423 3785 3862
439 1660 3607
3336 3230 3330
3249 582 1837
3466 5479 5555
4578 1581 4302
4036 351 5398
1897 2033 2155
1152 1101 1322
4163 2215 4844
5726 1797 5721
242 1013 2150
2832 3322 5347
166 762 2619
2927 51 1494
2752 1918 3487
1258 3509 4779
2037 1033 3196
213 1275 2911
57 3085 3538
3031 597 2435
4422 2548 3861
2160 410 1439
5700 2146 5017
4399 510 2590
1867 435 2941
5410 4180 5303
791 1883 2482
5644 3165 5583
2981 1197 3117
4893 2685 3712
29 1916 2120
1083 1500 3550
5202 4930 5188
2785 339 892
4101 1115 1943
5171 2887 4704
3076 1450 3173
4341 908 2854
3090 2225 2924
3470 1361 1671
2078 246 2276
3327 229 1440
2329 3929 4571
4639 2704 3496
5267 4490 4884
4983 1467 4934
5556 2932 5550
4210 1740 2497
4219 2170 2834
54 1434 1464
3542 2897 5320
1559 141 2336
1033 573 3004
3667 2737 5525
2022 2742 4799
2299 933 4536
559 2888 5132
794 2234 3363
1352 925 5456
5445 4652 5270
5070 2073 4531
5341 3558 5321
45 623 2436
2429 651 3237
209 4000 4031
5416 3354 5343
4762 1205 4714
4246 2074 4055
3146 65 421
899 2425 3225
3286 1585 4732
3262 2616 5086
2552 1990 2269
1594 895 5004
4846 4189 4745
1469 629 670
1267 2597 4761
250 2758 3379
4727 1483 5219
5115 540 3218
2500 1007 4742
5331 235 620
4876 2491 4481
3125 593 2221
5678 2923 5605
3888 5113 5383
3354 1838 5221
1586 2536 3889
4045 960 2623
4901 1856 4348
5442 4686 5130
4608 2345 4605
5734 1402 5733
5163 1266 5301
3165 3669 5510
3280 565 5534
5308 1471 5061
5334 932 5032
412 38 2
3916 1593 1936
3095 669 2216
2047 233 2417
1741 749 1683
1503 2161 4502
3661 326 1120
5188 182 1510
5200 1059 5127
2293 2143 2715
4847 1630 4179
4352 2149 3345
2185 337 3311
1458 830 1453
2602 1652 2476
4494 4305 4368
3880 2508 3676
3120 1782 3054
287 880 4323
3234 2244 2775
2637 2087 3898
3649 987 3572
2036 1307 1832
1467 270 4764
5287 3313 5070
1007 896 4318
5044 321 1850
4910 4447 4840
5685 1651 5617
4037 2920 4500
5333 4187 4290
2691 824 2048
5120 2072 3178
4605 54 4361
1471 886 4964
1787 635 1399
1651 3380 5545
2031 1190 3943
2633 1043 4935
4180 2393 5120
4742 3124 4048
950 1759 5387
5691 1106 5620
4070 1607 3808
4185 1835 3312
3161 809 5421
4951 991 3409
5184 199 5402
2280 1143 2044
5110 1501 4013
1067 1709 3211
3989 111 2284
3145 2481 5521
2798 2656 4815
4151 1182 3207
264 3352 3912
5199 292 4928
337 2167 2908
3462 1178 3429
5561 1815 5449
4371 1851 2840
4611 432 3897
4320 3975 5529
4406 2883 4330
2546 1224 4747
304 222 4684
4784 3888 5496
419 17 3947
1165 600 1757
1270 1282 3836
5079 1493 1569
3993 3068 3885
73 2264 3404
3157 700 4989
4351 2272 2821
2519 5018 5186
3705 3284 3351
5608 110 5539
588 2507 5478
5526 2037 5451
4854 718 3886
3328 2254 2793
2286 2342 4463
3654 1078 2996
1341 2873 3331
1235 1312 1448
2706 2648 3063
968 1628 1645
5635 3936 5625
5007 3279 4443
4232 793 4568
3983 1384 3620
1074 1989 4077
2897 2951 4991
672 1516 1894
748 4681 5393
2204 3232 3628
4688 147 3944
849 77 420
5134 1988 3952
3712 728 1150
4370 704 3454
3724 2574 4656
4816 696 2895
5012 2973 4136
5236 2104 3244
2173 501 4142
741 833 5468
2099 402 3894
5680 3972 5179
5165 1459 4819
3593 1375 5698
3764 3417 4678
320 1638 2062
4121 340 2035
4311 972 3123
1513 1245 2591
1294 590 1366
4318 2784 4009
4196 2299 5312
4445 2488 5459
5590 6 5462
4837 2533 5648
987 170 634
2243 709 3035
523 2830 3169
4979 4341 4787
329 2518 5261
944 1415 1911
2447 3133 4657
5016 1775 4981
1145 1055 2982
4720 3297 5345
3829 1161 2505
1216 627 2442
4704 3858 4288
1158 1374 4535
1198 1779 2211
2909 24 5122
4218 2243 3760
4689 2039 5054
3035 1145 3005
4956 1238 3392
3318 1308 2838
1713 5266 5579
5105 116 4953
4145 5100 5244
5406 82 4113
5446 3286 5337
3740 795 931
513 1702 2076
5632 2710 5372
1310 2316 3181
1534 5469 5587
4164 2285 3206
5289 3190 5146
5022 2437 4255
4168 712 3478
466 3960 4094
1205 2464 2587
4471 2586 3213
4888 2459 4716
3040 91 1372
5137 3782 4966
3665 1325 2741
2919 1955 2402
4637 1623 2310
5570 1586 4960
2714 331 1699
4354 4339 4913
4376 3016 3993
1433 1922 2350
5701 4102 5683
5518 258 5414
704 2063 2553
4589 2410 4273
3857 1278 3364
4175 1417 4299
2118 969 4051
4309 2092 4087
5197 2118 4785
5692 2795 5667
4182 275 3484
3307 2029 3302
438 1768 1812
5686 3776 4765
4970 2376 3838
4532 2979 4144
5516 2641 4350
354 853 1392
3644 1086 2081
5352 3227 4921
5106 248 4994
4327 586 2844
3958 2879 3686
2393 807 4340
2800 2584 3757
2015 2934 3344
2234 285 1288
5203 4069 5057
1640 1978 3079
4199 1795 5697
3510 4794 4968
2987 329 5322
4922 3014 4868
695 3652 5272
222 3236 4501
1179 2132 4846
3386 3308 3606
479 2989 4831
3789 1793 3786
589 2826 4900
5345 60 5196
5330 3383 4469
3741 3127 4561
4046 1321 5505
4898 2373 3887
2469 224 1240
3578 1393 4509
1526 539 1658
5325 263 4691
5229 383 4999
3628 1207 1790
5688 4104 5674
4975 3527 4892
4737 1180 4336
5355 2722 3977
4946 2327 4448
2014 664 946
5047 1301 4614
4593 723 4271
3152 3200 4283
3185 4181 4723
5548 204 5183
3779 1291 5375
3798 1565 2785
5068 4138 5729
4577 2955 4192
1121 4487 5406
3367 1525 1750
3064 779 3769
155 392 2148
5246 1447 4476
4251 13 1632
4362 4741 5245
5647 4497 5453
5677 3613 5643
4865 2001 3367
5377 405 4987
2397 1124 2689
4109 2027 2889
2396 286 1050
2457 819 1542
5645 598 5437
5198 3825 4962
1128 1971 3248
3164 1104 1590
4550 1942 3963
5003 734 5329
4396 1273 1423
1250 1042 4507
4712 1907 4174
1563 218 2601
4238 2664 5531
5676 3145 5652
4292 3878 4172
5343 1110 5176
5064 766 4776
3221 1244 2123
464 910 2862
4017 1029 4860
5013 512 3882
4102 5549 5660
1652 1733 1857
245 550 3250
3030 2012 2313
3748 567 2085
5237 823 2721
3797 317 3619
3986 342 2053
1957 370 1665
3231 3630 4201
4303 260 3784
4575 1488 4572
2769 1968 3642
1110 1012 4641
5580 291 5571
2570 1140 2568
1206 3402 5722
2292 241 2190
372 1539 1887
4976 3511 4454
2025 2058 3270
1800 3269 4190
4512 1015 5696
1299 911 4133
3562 2047 3533
4408 1306 4246
5359 1737 5192
5170 4163 4878
1419 2804 2988
4061 786 3522
5601 3006 5064
2733 297 4185
5270 2818 5116
2541 325 1482
734 592 5298
4104 1032 5668
3305 2000 3053
4665 1281 2108
299 1094 2034
677 851 1432
971 1721 3875
3663 2258 3544
4400 4109 4349
4158 1612 4008
5091 889 3601
3434 1888 3401
2790 2875 4130
4800 3798 4682
3343 1552 5160
5687 1949 5675
1743 1511 4911
5732 4530 5731
3239 1004 5561
3172 2801 3110
5646 1255 5404
1721 1069 3528
4022 3585 3644
1853 2639 3060
3903 49 483
5509 2289 5308
5430 693 1047
5153 1005 5056
4551 198 3740
5216 2809 4709
3094 4199 5699
3516 624 916
4054 1252 3632
2511 810 1547
4344 526 2557
2450 1842 2851
788 2720 5556
3072 2893 3653
4728 3216 3923
4648 3009 4545
3405 812 3384
4827 781 2083
5523 3950 5464
1389 534 1485
1476 1924 3338
5043 583 3051
2327 225 4331
5266 745 4543
3726 813 4217
1684 1008 1187
1921 695 5439
162 563 870
3652 2769 4522
524 817 1956
61 2445 3017
2751 1707 2925
4056 699 3306
2380 2535 5069
5596 3258 5585
5417 1200 5309
2583 1158 4929
2627 279 495
4466 1751 4955
5295 3448 4986
4880 703 1909
5143 688 4952
4528 2677 2734
4879 382 4099
4864 2392 5572
580 21 3234
4878 3552 3697
3149 4202 5557
5189 1661 4976
1609 1566 4842
4122 552 4589
2776 1253 1885
4734 3503 4719
1248 2422 3570
5606 4781 5441
4186 1474 2971
2351 1554 2960
3625 2297 2796
1451 754 1926
4859 1354 4591
1039 516 1203
1953 1808 3659
1219 25 395
4809 2749 4430
4921 2181 4539
416 4557 4573
3727 425 2471
5666 3239 5588
4915 1631 4705
3595 2681 4079
5532 1435 5265
3456 1457 3162
2392 2088 5111
4802 3796 4062
4706 776 3832
3137 468 1290
2793 1185 1536
502 941 4049
463 2295 3793
4166 1640 3305
4806 3375 4076
650 1016 2781
1144 47 2262
1529 1576 5041
3469 43 678
5429 2770 4739
2254 2596 2606
4934 2173 4633
5376 125 5325
3341 935 2322
4271 1477 2378
5399 1973 5595
2045 1822 2816
5609 5204 5240
4420 3080 4005
3967 841 2424
5026 3612 4446
3482 691 1213
1263 200 847
4075 2581 3128
3917 3076 3800
4542 3115 4510
5705 2848 5664
4316 515 1544
4033 4428 4685
2315 1064 5115
2986 3594 3616
401 1684 2531
4791 4453 4694
3950 5263 5371
872 963 2370
2271 1142 1761
4384 3548 3983
3121 1674 2427
1166 129 952
3522 828 1041
5693 588 5641
2483 319 2209
5510 2762 5410
9 4727 5614
5613 1227 5548
1972 2607 5021
879 4238 5629
1912 2463 2716
5000 2178 3840
4629 2395 3106
3639 1401 2794
2178 1239 1637
5367 268 4942
5263 1681 5359
5443 1731 3679
4527 1299 4165
5280 4354 5073
2085 756 1481
4010 1819 5010
3980 57 3813
5500 1969 3777
572 1006 2778
3650 1920 3121
2527 20 2314
3099 1985 5420
4741 3118 5019
4908 3148 5013
1393 3941 4043
5335 3987 4664
1237 513 4648
5396 69 4774
547 496 1093
3541 2660 5090
504 3109 5622
4126 1930 2652
1890 780 955
646 1626 2885
2411 242 2375
4699 1040 4756
3752 921 3564
1838 83 4623
5381 2218 5296
5370 2678 4337
2951 1068 3675
557 3513 5229
16 1398 1805
592 363 5264
2453 490 760
4666 1031 1220
4223 3032 4080
4955 415 4474
4458 1528 3803
873 528 3758
1217 3100 5222
499 1693 3222
4343 2049 2567
1367 2245 4673
3781 336 3362
1801 1621 1754
184 2836 4828
1036 118 3773
212 3043 3142
4489 1358 5025
3569 2792 4400
5293 461 4188
4150 396 3022
3902 1214 3263
3349 486 2995
1878 2057 4097
964 3341 3422
1337 5068 5734
2363 2294 3050
5154 4917 5087
3756 353 3357
5597 1553 5515
4857 4537 4853
3413 2650 2999
5052 1597 2305
3690 1353 1580
5037 1357 3713
735 475 5305
3063 2236 2756
5710 4320 5656
2218 3501 5142
3241 2163 4752
1340 2213 5703
5661 3671 5569
5435 2380 5077
5462 251 5259
2878 2025 3916
5437 2220 5195
863 3186 3823
5477 4017 5232
4154 1551 2174
1032 2846 5537
3110 1188 1886
3484 938 2381
4559 560 5141
3526 4980 5427
5224 2525 5207
4821 3277 3682
3863 498 3278
1746 1377 1587
4261 195 4038
3734 3249 3873
433 2856 4796
4685 1084 4351
4711 3984 4182
4953 3353 4369
4871 90 2718
4919 2617 3122
4810 2084 4260
351 3114 4883
840 2308 4366
3088 192 2202
5626 4003 5524
4544 3166 4743
116 4758 4916
2833 1743 5373
3640 316 884
775 2183 2394
489 1830 1950
5010 1600 4308
3659 710 1655
291 3185 5532
1460 207 4467
1708 1986 2520
4808 2411 4650
3613 3667 5632
5281 2233 5226
5538 1742 5708
4554 374 2680
5362 818 3904
3961 768 2334
5018 327 3901
2404 2542 5650
3115 123 4276
5275 934 5125
1241 2905 5442
1014 2698 2810
2135 2961 4814
4095 3636 5262
3298 236 958
4431 467 2729
1665 255 929
3614 2274 3120
4549 928 2091
4594 1877 2191
5588 5148 5546
5729 5419 5691
5242 1798 4923
1660 2067 3224
1982 2859 5695
4792 62 2261
1124 63 289
2202 22 2201
4174 677 3424
1475 614 1841
5737 5235 5735
4294 5260 5394
2490 4735 5029
1488 769 3824
5577 2329 5223
4059 1080 2545
5254 3029 5040
4703 1460 4529
761 227 4241
3561 968 3212
7 3721 3980
2187 3464 3851
1997 3283 4996
3238 2093 4491
3208 1746 4803
5098 4950 5031
5426 727 5238
4462 482 4247
5520 2447 5432
1174 2492 4327
5431 183 3497
311 2195 3899
5157 4321 4353
4088 283 3833
2509 223 4995
5568 3749 5156
5465 3835 4773
2767 1976 2620
2533 4733 5495
2827 2257 5340
5460 2947 3499
3979 1897 2440
4038 713 2675
1042 761 4439
2080 1260 2100
3671 708 5248
4882 2064 3089
3744 687 3403
4052 4402 5511
5566 3070 5424
641 373 569
708 488 4317
4487 2151 5277
712 1502 2858
2597 4270 4722
4744 2864 4200
5050 169 5046
2232 3143 5212
5167 4112 4205
5540 414 1095
3444 1753 3430
3898 907 1589
4004 359 1994
3468 2585 3460
4624 2711 3261
2864 1521 1573
510 1864 2065
3588 1878 4403
3385 103 856
5387 3841 5199
5323 2122 4937
1306 1574 3920
4709 716 4449
621 2324 3191
2549 1804 4552
3127 1395 4272
3747 2338 2926
1538 87 690
790 2622 3555
3118 3844 4775
3496 1644 1935
2101 918 3047
5439 2945 4420
4627 2431 2684
3400 1422 5507
