100 10000
720 58 6679
473 258 4949
7056 353 925
386 127 1002
4666 466 297
1055 311 2231
2181 148 2173
6698 330 1462
4056 392 3185
7153 345 8095
4599 391 6333
1339 128 6273
7240 364 7664
6130 294 4796
972 419 2972
5562 183 8787
4500 366 6042
1142 56 424
1401 306 9119
6626 338 943
5605 335 8945
3412 486 640
3162 64 4513
4862 139 7343
870 273 5383
8194 57 2748
5373 170 9265
3658 35 7788
3329 391 7604
2785 464 9174
1663 150 3345
6912 145 407
8930 399 8436
5456 329 4419
1399 163 5935
9725 469 5526
8124 451 2561
70 138 9443
6165 268 8273
4904 386 8229
5569 378 7207
5566 394 4525
7983 299 4949
4763 214 2843
7975 124 2841
462 430 9939
1179 271 5819
1672 261 3871
5247 11 2569
8797 469 9682
7693 254 6004
8943 497 2715
787 295 6391
5220 445 8593
3292 350 9638
7571 293 1739
7966 245 1201
7308 405 8431
1211 285 4247
1235 209 6498
9002 158 4270
1643 263 3277
8728 368 3925
6286 246 6500
3377 415 7504
8674 210 4671
8039 328 5294
3066 361 4344
3344 37 3915
1269 132 7956
9914 449 1377
4417 499 3712
3919 475 4100
5905 215 6727
765 93 8550
793 79 3380
6434 291 6113
294 231 9969
7841 82 5128
4790 395 6049
240 347 7821
9753 403 948
4686 453 5652
8 40 2959
8668 286 2777
2193 453 5437
6156 422 4626
6673 139 2168
4726 82 788
5447 248 4406
8030 377 7958
1801 125 6477
3889 418 3372
5677 448 6839
2154 1 8380
5701 190 3383
6274 475 2488
6019 204 2967
6376 236 9961
1129 191 5904
