100 42109
4330 233 8568
4259 441 41279
3307 88 10036
4314 223 12452
4171 244 8301
8266 17 29671
3013 396 19455
2422 250 39452
5972 54 21077
9730 3 33503
4895 237 17040
461 57 66
7496 96 20243
6940 305 1785
7693 102 30271
5171 386 16616
7546 193 28114
7424 386 12562
4006 180 6909
3708 342 12652
9826 8 39331
8996 269 1383
4030 57 20492
9385 211 13707
9502 11 18584
7984 329 13945
5980 464 5344
6051 144 33559
6611 280 32316
1429 252 41241
5828 113 10310
8510 244 40011
8725 2 39880
3433 381 19200
1088 494 2598
8168 480 41235
1144 52 26003
1202 414 12048
4885 75 11587
2729 181 28571
4845 475 4273
9531 432 39306
6545 480 21400
1344 289 38882
6714 276 24297
2137 387 2071
1071 142 4243
67 204 9060
296 472 22470
8457 118 37566
7004 449 5418
8337 46 33864
9307 8 15490
8728 114 35693
5703 33 21271
3977 300 22978
5347 395 6509
3976 134 17526
4414 295 30947
2718 449 7563
1046 453 18158
3563 272 36020
936 402 17823
8539 460 13561
2775 268 26294
9468 142 19454
4905 219 1787
9150 400 3073
323 56 7197
5205 498 40355
120 122 32007
5864 52 8991
7124 21 27262
8305 382 36290
3317 45 33576
1684 468 35083
913 67 14892
4546 353 24547
2163 242 585
348 182 40272
4323 151 30188
9039 122 11765
8748 197 20357
833 349 18008
8350 374 34567
6501 115 31140
6186 359 6272
7754 57 38079
633 172 34585
7992 221 2720
6737 196 23499
1993 348 11180
1335 65 18762
8592 400 22971
1119 47 36983
1864 33 2035
1940 189 25227
7234 478 39584
3587 90 7034
5810 345 1325
