100 50000
2842 115 12769
295 359 42309
6591 283 3859
2681 429 13150
8944 395 48512
5037 267 15671
9921 22 11570
4090 134 14439
825 155 3480
9409 159 41713
4950 397 15489
2707 235 39681
2359 140 33947
999 390 18837
7792 416 33566
2136 202 30712
850 269 24685
6495 435 36691
7774 7 24922
9618 329 49159
9651 36 34388
7430 245 44179
9944 103 43325
6803 214 49905
8817 229 11822
7964 95 16231
6125 369 32733
7581 382 31233
1989 289 48980
9565 91 20916
5218 453 12002
1363 476 31054
9239 194 12461
5062 376 45208
2202 365 45173
4138 19 46022
9517 76 17656
5748 73 22090
6656 280 34943
6371 399 31322
1502 77 17155
3189 399 22364
5252 402 21392
2979 204 40559
3176 22 15719
9625 454 18592
7235 269 2740
6756 474 721
6907 74 21356
702 357 41421
2784 416 18504
1354 302 48350
9138 230 47177
8052 172 39774
4388 178 37832
4753 112 32143
2448 212 42354
6103 234 35096
8261 227 42927
9057 294 45700
9976 292 22401
9511 167 44127
3861 224 20439
6533 174 7003
2028 84 18924
4690 458 33351
4155 339 3326
5759 337 32418
3544 207 37459
3709 466 46592
9138 144 4736
7928 299 14072
1220 433 9911
4250 251 25621
2110 305 3151
3596 166 28721
7231 498 13204
101 164 11921
6383 95 10660
3239 155 45598
4628 67 40020
7786 235 21101
1397 31 6024
6551 84 24798
8056 86 45216
7602 42 13966
1341 379 42923
4978 496 35775
4320 55 46079
5041 499 10894
4656 122 13366
3225 165 30112
599 43 9236
1684 91 48982
3731 290 49988
1675 418 15761
5699 383 27075
8770 413 46545
4692 492 3574
2278 387 11985
