100 40000
30 325 28511
4632 426 18634
4712 478 15161
4867 114 12236
1417 476 1186
7261 167 23054
1521 254 33833
8597 458 9646
7760 6 20237
688 157 22726
2783 31 12314
3896 324 6430
6370 344 19579
7278 267 3270
2486 30 31760
3290 151 37304
7151 178 12536
2617 128 3241
4207 2 28947
9121 264 29845
6136 373 21019
2149 269 11551
2266 100 15708
5303 272 33010
6926 311 25995
4271 16 28330
3513 302 5174
9940 486 7772
4839 425 19007
5540 384 16214
881 481 29954
2911 322 27446
6071 240 7205
644 482 30101
8221 442 28490
401 6 25583
578 246 25316
5651 377 2114
2572 425 27763
6091 351 2840
260 135 14971
592 459 3673
3074 217 38599
2079 175 2812
3900 232 23896
3798 325 7806
201 225 1033
4036 8 21093
2545 373 8
9369 62 27529
3815 139 29004
1091 73 4993
9645 76 37318
1695 92 19818
3248 103 31460
4774 454 30357
6739 493 27787
4688 42 18082
8802 281 26339
6312 258 23980
8681 197 9382
8280 16 19579
764 160 8774
8635 53 10123
2741 24 34633
4598 34 35339
6129 333 32121
2511 7 13910
5166 200 36620
2333 404 32704
719 249 36564
6514 187 24910
4710 31 21330
2694 384 4204
1737 157 6719
8787 250 35102
6537 452 1883
5788 31 6289
5694 41 39476
8162 202 34486
7239 333 15358
4500 466 20945
1689 480 12459
8457 206 3202
3358 485 38767
4900 431 33185
5244 171 39970
8829 245 7741
6803 129 19233
4580 172 13749
3060 42 37956
3796 137 14436
8141 272 10197
1118 339 18429
1188 275 30072
7892 348 28395
1417 136 18584
736 291 39925
1342 352 23262
6095 407 36448
