100 80000
7313 77 70247
3519 28 425
6876 43 71328
5598 205 63540
731 6 37748
8049 276 20253
2197 26 34222
6523 199 43864
4990 44 50384
1195 390 23775
5764 22 46878
5445 254 1158
8266 372 78792
5863 474 14368
2567 232 51696
747 373 12229
5549 489 68736
6234 413 69320
7223 455 28814
5529 229 22597
886 82 9573
3665 155 16473
9489 70 75817
4522 375 47078
4582 384 46223
4654 236 38409
955 305 55757
7395 208 58147
2424 165 21721
678 458 8870
5125 71 52094
3904 361 38815
8324 70 29928
6492 296 36185
4611 30 52228
6260 264 43592
7469 252 26340
2778 471 25984
1254 384 56881
7804 278 13376
8272 446 46212
937 215 57923
8982 411 26770
2838 459 11413
3179 461 8048
6540 65 17817
5286 179 70242
8883 336 28723
2638 68 34412
574 460 60834
8379 181 72717
4916 412 56151
2599 174 57158
3029 255 61689
5791 79 55107
3748 370 17688
2457 108 39343
4848 340 4235
4454 28 31761
2703 388 37631
6804 352 1055
2614 47 76327
6493 473 8736
475 7 63099
9405 218 38698
8052 144 46778
403 283 67052
5767 481 7275
744 431 48242
3499 286 65471
78 316 29354
5491 106 8229
2168 55 8349
3923 493 37850
5360 220 20232
7652 226 49093
5633 230 74904
8858 39 4897
5913 489 33531
7341 281 55263
6876 485 29008
1947 191 36737
3516 203 37953
1540 349 66184
8766 301 79989
7411 38 21971
7250 416 50846
7874 414 68402
5013 153 37308
8124 303 29989
2734 59 40308
4606 39 14725
501 294 20008
9592 125 48102
8765 324 31438
8319 466 30989
6339 6 15730
6049 22 47463
5211 82 47535
7752 327 19056
